flight_number,date,origin_airport,destination_airport,scheduled_departure_time,scheduled_arrival_time,actual_departure_time,actual_arrival_time,wheels_on_time,wheels_off_time,cancelled,origin_time_zone,destination_time_zone
4431,2018-03-26,MIA,LGA,5.6,8.76667,5.48333,8.45,8.38333,5.68333,False,America/New_York,America/New_York
1011,2018-03-26,MIA,LGA,6.93333,9.95,6.91667,10.25,10.0667,7.35,False,America/New_York,America/New_York
2151,2018-03-26,MIA,LGA,7.35,10.4833,7.3,10.2667,10.1167,7.61667,False,America/New_York,America/New_York
2520,2018-03-26,MIA,LGA,9.43333,12.4833,9.33333,12.3167,12.2333,9.56667,False,America/New_York,America/New_York
966,2018-03-26,MIA,LGA,11.1,14.2167,11.0333,14.15,14,11.4,False,America/New_York,America/New_York
1064,2018-03-26,MIA,LGA,11.35,14.3667,11.3333,14.6167,14.3167,11.5833,False,America/New_York,America/New_York
1366,2018-03-26,MIA,LGA,12.35,15.3833,12.2833,15.9833,15.25,12.5667,False,America/New_York,America/New_York
88,2018-03-26,MIA,LGA,13.5167,16.5667,13.5167,17.3333,16.9,13.9667,False,America/New_York,America/New_York
1287,2018-03-26,MIA,LGA,13.7667,16.9,13.6667,16.65,16.4833,13.9,False,America/New_York,America/New_York
1437,2018-03-26,MIA,LGA,15.35,18.4167,15.3,18.3667,18.1833,15.5,False,America/New_York,America/New_York
2240,2018-03-26,MIA,LGA,15.4333,18.4167,15.3,18.4333,18.3667,15.4667,False,America/New_York,America/New_York
1203,2018-03-26,MIA,LGA,16.35,19.4,16.5167,19.8333,19.7667,17.0833,False,America/New_York,America/New_York
2820,2018-03-26,MIA,LGA,17.2667,20.4667,17.3,20.5333,20.35,17.65,False,America/New_York,America/New_York
2550,2018-03-26,MIA,LGA,17.6,20.7333,17.7667,21.0167,20.9167,18.05,False,America/New_York,America/New_York
1367,2018-03-26,MIA,LGA,18.2667,21.4167,18.2167,21.55,21.4667,18.6667,False,America/New_York,America/New_York
1596,2018-03-26,MIA,LGA,18.85,21.9333,19.0833,22.4,22.2,19.3833,False,America/New_York,America/New_York
2325,2018-03-26,MIA,LGA,19.6,22.7167,19.6833,22.7833,22.6,20.0667,False,America/New_York,America/New_York
2168,2018-03-26,MIA,LGA,19.9167,23.1,19.8667,23.0333,22.9333,20.2,False,America/New_York,America/New_York
376,2018-03-26,MIA,LGA,20.4333,23.5,20.3333,24.2,23.2833,20.6,False,America/New_York,America/New_York
4313,2018-03-26,CLE,LGA,5.68333,7.41667,5.68333,7.03333,6.96667,5.9,False,America/New_York,America/New_York
3432,2018-03-26,CLE,LGA,6.6,8.36667,6.46667,7.93333,7.78333,6.7,False,America/New_York,America/New_York
5541,2018-03-26,CLE,LGA,6.71667,8.51667,6.56667,8.1,7.93333,6.8,False,America/New_York,America/New_York
4001,2018-03-26,CLE,LGA,9,10.7167,8.86667,10.5167,10.3667,9.2,False,America/New_York,America/New_York
5589,2018-03-26,CLE,LGA,9.1,10.7667,8.91667,10.6333,10.55,9.4,False,America/New_York,America/New_York
4365,2018-03-26,CLE,LGA,10.9333,12.65,11.8167,13.8167,13.7,12.5833,False,America/New_York,America/New_York
5544,2018-03-26,CLE,LGA,11.85,13.5,11.8667,13.5333,13.45,12.35,False,America/New_York,America/New_York
4019,2018-03-26,CLE,LGA,13.1833,14.9,13.0167,14.7,14.3833,13.1667,False,America/New_York,America/New_York
5547,2018-03-26,CLE,LGA,14.1833,15.9167,14.8667,16.3167,16.2333,15.1667,False,America/New_York,America/New_York
4106,2018-03-26,CLE,LGA,15.85,17.5667,16.1333,18.1333,18.05,16.8167,False,America/New_York,America/New_York
5577,2018-03-26,CLE,LGA,16.6833,18.35,16.95,18.7333,18.6333,17.4,False,America/New_York,America/New_York
3405,2018-03-26,CLE,LGA,17.2667,19.0667,17.2667,19.1667,18.9667,17.7833,False,America/New_York,America/New_York
5569,2018-03-26,CLE,LGA,19.45,21.2333,19.55,21.4833,21.3667,20.25,False,America/New_York,America/New_York
3521,2018-03-26,CLE,LGA,19.7167,21.3833,19.85,21.7667,21.6,20.35,False,America/New_York,America/New_York
1814,2018-03-26,ATL,LGA,5.68333,7.85,5.66667,7.76667,7.7,5.91667,False,America/New_York,America/New_York
886,2018-03-26,ATL,LGA,5.93333,8.2,5.86667,7.85,7.76667,6.03333,False,America/New_York,America/New_York
1462,2018-03-26,ATL,LGA,6.11667,8.43333,6,8.15,8,6.21667,False,America/New_York,America/New_York
1231,2018-03-26,ATL,LGA,6.68333,8.93333,6.65,8.78333,8.63333,6.85,False,America/New_York,America/New_York
1683,2018-03-26,ATL,LGA,6.93333,9.18333,6.81667,9.3,8.85,7.1,False,America/New_York,America/New_York
2400,2018-03-26,ATL,LGA,7.43333,9.75,7.43333,9.53333,9.38333,7.66667,False,America/New_York,America/New_York
2362,2018-03-26,ATL,LGA,8.43333,10.8167,8.36667,10.5167,10.4167,8.63333,False,America/New_York,America/New_York
2107,2018-03-26,ATL,LGA,8.68333,11.0167,8.61667,10.6667,10.6167,8.83333,False,America/New_York,America/New_York
2277,2018-03-26,ATL,LGA,9.43333,11.8167,9.41667,11.3833,11.3,9.55,False,America/New_York,America/New_York
4744,2018-03-26,ATL,LGA,9.68333,11.9667,9.61667,11.85,11.75,10.0167,False,America/New_York,America/New_York
1286,2018-03-26,ATL,LGA,10.4333,12.7333,10.3833,12.55,12.3667,10.6333,False,America/New_York,America/New_York
2418,2018-03-26,ATL,LGA,11.4333,13.7333,11.3833,13.3667,13.2667,11.5167,False,America/New_York,America/New_York
549,2018-03-26,ATL,LGA,12.1833,14.35,12.1667,14.2667,14.1833,12.3667,False,America/New_York,America/New_York
2524,2018-03-26,ATL,LGA,12.4333,14.75,12.3833,14.8167,14.7,12.55,False,America/New_York,America/New_York
4607,2018-03-26,ATL,LGA,12.9333,15.3167,12.9333,15.2667,15.1833,13.1333,False,America/New_York,America/New_York
1586,2018-03-26,ATL,LGA,13.4333,15.7667,13.4,15.6167,15.5167,13.6333,False,America/New_York,America/New_York
2629,2018-03-26,ATL,LGA,14.4333,16.8,14.4667,16.5167,16.4167,14.7,False,America/New_York,America/New_York
4658,2018-03-26,ATL,LGA,15.2833,17.65,15.2167,17.75,17.6667,15.7667,False,America/New_York,America/New_York
1200,2018-03-26,ATL,LGA,15.4333,17.6833,16.8,18.9167,18.85,17.0167,False,America/New_York,America/New_York
2568,2018-03-26,ATL,LGA,15.4333,17.85,15.4,18.5,18.2667,16.4667,False,America/New_York,America/New_York
1886,2018-03-26,ATL,LGA,16.4333,18.8333,16.6333,18.85,18.7333,16.9333,False,America/New_York,America/New_York
2784,2018-03-26,ATL,LGA,17.4333,19.9333,17.3833,19.5667,19.4333,17.5833,False,America/New_York,America/New_York
1764,2018-03-26,ATL,LGA,18.4333,20.7333,18.3167,20.8667,20.7167,18.7667,False,America/New_York,America/New_York
2652,2018-03-26,ATL,LGA,18.4333,20.9333,18.3833,20.7833,20.55,18.7167,False,America/New_York,America/New_York
2186,2018-03-26,ATL,LGA,19.4333,21.8167,19.35,21.65,21.5333,19.7167,False,America/New_York,America/New_York
161,2018-03-26,ATL,LGA,19.6,21.85,19.65,21.85,21.7667,19.9,False,America/New_York,America/New_York
4442,2018-03-26,ATL,LGA,20.2667,22.5833,20.2,22.7167,22.35,20.4333,False,America/New_York,America/New_York
906,2018-03-26,ATL,LGA,20.4333,22.8167,20.3833,22.5667,22.45,20.6833,False,America/New_York,America/New_York
2814,2018-03-26,ATL,LGA,21.4333,23.7667,21.4,23.5833,23.45,21.6333,False,America/New_York,America/New_York
3319,2018-03-26,SYR,LGA,5.76667,7.18333,5.61667,6.78333,6.66667,5.98333,False,America/New_York,America/New_York
3875,2018-03-26,SYR,LGA,10,11.4,9.96667,11.0833,10.9667,10.1333,False,America/New_York,America/New_York
5074,2018-03-26,SYR,LGA,14.0333,15.35,13.9,15.35,15.0833,14.2833,False,America/New_York,America/New_York
3874,2018-03-26,SYR,LGA,17.35,18.75,17.5333,18.7167,18.6,17.9833,False,America/New_York,America/New_York
224,2018-03-26,ORD,LGA,6.71667,8.93333,6.6,9.23333,9.51667,6.88333,False,America/Chicago,America/New_York
370,2018-03-26,ORD,LGA,6.85,9.05,6.83333,9.08333,9.81667,7.16667,False,America/Chicago,America/New_York
1187,2018-03-26,ORD,LGA,6.85,9.1,6.78333,8.9,9.71667,7,False,America/Chicago,America/New_York
5960,2018-03-26,ORD,LGA,7.35,9.6,7.38333,9.9,10.7167,8.06667,False,America/Chicago,America/New_York
314,2018-03-26,ORD,LGA,7.35,9.55,7.38333,9.85,10.4167,7.71667,False,America/Chicago,America/New_York
2380,2018-03-26,ORD,LGA,7.85,10.1,7.98333,10.25,10.8667,8.21667,False,America/Chicago,America/New_York
5962,2018-03-26,ORD,LGA,8.35,10.6,8.2,10.5667,11.3667,8.61667,False,America/Chicago,America/New_York
392,2018-03-26,ORD,LGA,8.35,10.55,8.3,10.7833,11.55,8.85,False,America/Chicago,America/New_York
427,2018-03-26,ORD,LGA,8.35,10.5833,8.26667,10.55,11.4167,8.71667,False,America/Chicago,America/New_York
1166,2018-03-26,ORD,LGA,8.85,11.1333,8.68333,11.1167,11.9833,9.25,False,America/Chicago,America/New_York
5964,2018-03-26,ORD,LGA,9.35,11.6167,9.3,11.5,12.3167,9.56667,False,America/Chicago,America/New_York
388,2018-03-26,ORD,LGA,9.35,11.5667,9.28333,11.6333,12.3833,9.63333,False,America/Chicago,America/New_York
791,2018-03-26,ORD,LGA,9.85,12.1,9.88333,12.0333,12.85,10.25,False,America/Chicago,America/New_York
5966,2018-03-26,ORD,LGA,10.35,12.6,10.2833,12.35,13.1333,10.5333,False,America/Chicago,America/New_York
380,2018-03-26,ORD,LGA,10.35,12.55,10.2333,12.25,12.9833,10.4,False,America/Chicago,America/New_York
3730,2018-03-26,ORD,LGA,10.85,13.2,10.9167,12.9833,13.8,11.2167,False,America/Chicago,America/New_York
5968,2018-03-26,ORD,LGA,11.35,13.5833,11.3167,13.6,14.4167,11.75,False,America/Chicago,America/New_York
350,2018-03-26,ORD,LGA,11.35,13.5167,12.5667,14.75,15.6,12.85,False,America/Chicago,America/New_York
5662,2018-03-26,ORD,LGA,11.85,14.1833,11.7667,14.3167,14.8167,12.05,False,America/Chicago,America/New_York
5970,2018-03-26,ORD,LGA,12.35,14.6,12.45,14.75,15.5667,12.7833,False,America/Chicago,America/New_York
5364,2018-03-26,ORD,LGA,12.85,15.1833,12.7667,14.7833,15.65,12.95,False,America/Chicago,America/New_York
5299,2018-03-26,ORD,LGA,13.35,15.6833,14.1667,16.65,17.4333,14.7667,False,America/Chicago,America/New_York
5972,2018-03-26,ORD,LGA,13.35,15.6,14.7,17.0167,17.8,14.95,False,America/Chicago,America/New_York
2452,2018-03-26,ORD,LGA,13.35,15.6,13.45,15.5833,16.3667,13.8167,False,America/Chicago,America/New_York
682,2018-03-26,ORD,LGA,13.85,16.1,13.7833,15.85,16.6833,14.1,False,America/Chicago,America/New_York
5974,2018-03-26,ORD,LGA,14.35,16.6,14.3333,16.4333,17.2,14.5667,False,America/Chicago,America/New_York
374,2018-03-26,ORD,LGA,14.35,16.55,14.25,16.3167,17.0333,14.5167,False,America/Chicago,America/New_York
509,2018-03-26,ORD,LGA,14.85,17.2167,14.9833,17.35,18.2,15.2167,False,America/Chicago,America/New_York
5976,2018-03-26,ORD,LGA,15.35,17.6,15.35,17.5333,18.3333,15.6167,False,America/Chicago,America/New_York
368,2018-03-26,ORD,LGA,15.35,17.5333,15.3333,17.5333,18.2833,15.5833,False,America/Chicago,America/New_York
3595,2018-03-26,ORD,LGA,15.85,18.25,15.75,18.4667,19.3,16.65,False,America/Chicago,America/New_York
5978,2018-03-26,ORD,LGA,16.35,18.6833,16.4167,18.7,19.5,16.7167,False,America/Chicago,America/New_York
364,2018-03-26,ORD,LGA,16.35,18.6,16.3,18.6,19.35,16.55,False,America/Chicago,America/New_York
1642,2018-03-26,ORD,LGA,16.85,19.1833,16.7667,19.0833,19.9333,17.3333,False,America/Chicago,America/New_York
5980,2018-03-26,ORD,LGA,17.35,19.6833,17.7833,20.1167,20.85,18.1167,False,America/Chicago,America/New_York
365,2018-03-26,ORD,LGA,17.35,19.6,17.4833,19.7,20.4667,17.8,False,America/Chicago,America/New_York
2152,2018-03-26,ORD,LGA,17.85,20.1833,17.7667,20.2167,21,18.4167,False,America/Chicago,America/New_York
5982,2018-03-26,ORD,LGA,18.35,20.7,18.8333,21.0333,21.8,19.1833,False,America/Chicago,America/New_York
375,2018-03-26,ORD,LGA,18.35,20.5333,19.7,21.8833,22.65,20,False,America/Chicago,America/New_York
692,2018-03-26,ORD,LGA,18.85,21.2167,18.8,21.1333,21.95,19.25,False,America/Chicago,America/New_York
630,2018-03-26,ORD,LGA,18.9333,21.25,21.6167,23.65,24.4333,21.8833,False,America/Chicago,America/New_York
5984,2018-03-26,ORD,LGA,19.35,21.75,20.8667,22.9333,23.75,21.1167,False,America/Chicago,America/New_York
352,2018-03-26,ORD,LGA,19.35,21.6,19.2667,21.3833,22.2333,19.5667,False,America/Chicago,America/New_York
5986,2018-03-26,ORD,LGA,20.35,22.7333,20.4833,22.6667,23.45,20.8333,False,America/Chicago,America/New_York
336,2018-03-26,ORD,LGA,20.35,22.5,21.35,23.45,24.2667,21.6333,False,America/Chicago,America/New_York
1823,2018-03-26,ORD,LGA,20.4333,22.8,20.3667,22.4333,23.25,20.5667,False,America/Chicago,America/New_York
2571,2018-03-26,ORD,LGA,21.35,23.5333,21.2333,23.2333,24.1167,21.5333,False,America/Chicago,America/New_York
2422,2018-03-26,ORD,LGA,21.7667,23.9667,21.65,23.7333,24.5833,22.0333,False,America/Chicago,America/New_York
3721,2018-03-26,RDU,LGA,5.85,7.5,5.78333,7.95,7.81667,6.68333,False,America/New_York,America/New_York
5884,2018-03-26,RDU,LGA,5.93333,7.7,5.88333,7.58333,7.48333,6.36667,False,America/New_York,America/New_York
3817,2018-03-26,RDU,LGA,6.93333,8.71667,6.86667,8.31667,8.21667,7.06667,False,America/New_York,America/New_York
3814,2018-03-26,RDU,LGA,7.85,9.63333,7.71667,9.23333,9.15,8.05,False,America/New_York,America/New_York
3335,2018-03-26,RDU,LGA,8.43333,10.2333,8.35,10.4667,10.3333,9.18333,False,America/New_York,America/New_York
3819,2018-03-26,RDU,LGA,9.7,11.4333,9.55,11.2667,11.0833,9.86667,False,America/New_York,America/New_York
5523,2018-03-26,RDU,LGA,9.93333,11.7,9.88333,11.6333,11.5,10.3667,False,America/New_York,America/New_York
1669,2018-03-26,RDU,LGA,11.5167,13.2333,11.35,12.7833,12.7167,11.6333,False,America/New_York,America/New_York
3916,2018-03-26,RDU,LGA,11.9333,13.7167,12.2667,13.6667,13.5833,12.5167,False,America/New_York,America/New_York
3736,2018-03-26,RDU,LGA,13.25,14.9333,13.25,15.5,15.3167,13.9333,False,America/New_York,America/New_York
4113,2018-03-26,RDU,LGA,14.9167,16.6,14.8667,16.7,16.6333,15.3,False,America/New_York,America/New_York
5907,2018-03-26,RDU,LGA,14.9333,16.7167,14.9,17.15,17.05,15.8167,False,America/New_York,America/New_York
3685,2018-03-26,RDU,LGA,16.9333,18.7333,17.1333,19.4333,19.2667,18.1,False,America/New_York,America/New_York
4622,2018-03-26,RDU,LGA,17.6167,19.4167,17.5833,19.55,19.4667,18.25,False,America/New_York,America/New_York
5456,2018-03-26,RDU,LGA,18.9333,20.75,19.4333,21.15,20.9833,19.75,False,America/New_York,America/New_York
5425,2018-03-26,GSO,LGA,5.93333,7.63333,5.83333,7.36667,7.21667,6.03333,False,America/New_York,America/New_York
3782,2018-03-26,GSO,LGA,6.18333,7.9,6.08333,7.71667,7.41667,6.25,False,America/New_York,America/New_York
5451,2018-03-26,GSO,LGA,10.9167,12.6667,10.9,12.5167,12.4167,11.2333,False,America/New_York,America/New_York
5446,2018-03-26,GSO,LGA,12.9667,14.7667,12.8667,14.9167,14.8167,13.35,False,America/New_York,America/New_York
3449,2018-03-26,GSO,LGA,15.4333,17.2,15.2667,17.3167,17.1333,15.9,False,America/New_York,America/New_York
3773,2018-03-26,GSO,LGA,16.9333,18.65,16.9167,19.4333,19.1833,17.95,False,America/New_York,America/New_York
5470,2018-03-26,GSO,LGA,18.0667,19.9333,18.3667,20.25,19.9167,18.6667,False,America/New_York,America/New_York
5536,2018-03-26,ORF,LGA,5.93333,7.5,5.85,7.36667,7.1,6.16667,False,America/New_York,America/New_York
3433,2018-03-26,ORF,LGA,5.93333,7.36667,5.78333,7.05,6.95,6.01667,False,America/New_York,America/New_York
3516,2018-03-26,ORF,LGA,10.7667,12.35,10.6333,12,11.9,10.9333,False,America/New_York,America/New_York
3364,2018-03-26,ORF,LGA,10.9333,12.4333,10.7333,12.4,12.0333,10.9833,False,America/New_York,America/New_York
3975,2018-03-26,ORF,LGA,12.7667,14.3833,12.6833,14.2167,14.0333,13,False,America/New_York,America/New_York
3672,2018-03-26,ORF,LGA,15.4333,17.1333,15.4833,18.2333,18.1167,17.0333,False,America/New_York,America/New_York
3506,2018-03-26,ORF,LGA,18.35,20.1667,19.7333,21.5,21.4333,20.3333,False,America/New_York,America/New_York
3648,2018-03-26,ORF,LGA,18.4333,20.15,18.4333,20.4167,20.0667,19.1,False,America/New_York,America/New_York
5568,2018-03-26,LEX,LGA,5.93333,7.91667,5.88333,7.68333,7.6,6.08333,False,America/New_York,America/New_York
3518,2018-03-26,CHO,LGA,5.93333,7.26667,5.88333,7.35,7.16667,6.25,False,America/New_York,America/New_York
5057,2018-03-26,CHO,LGA,6.01667,7.41667,6,7.6,7.51667,6.48333,False,America/New_York,America/New_York
3742,2018-03-26,CHO,LGA,13.95,15.2667,13.7833,15.6667,15.4667,14.1,False,America/New_York,America/New_York
316,2018-03-26,DTW,LGA,6.53333,7.63333,7.46667,8.51667,8.95,7.7,False,America/Detroit,America/New_York
4599,2018-03-26,DTW,LGA,7.03333,8.31667,7.01667,8.11667,8.65,7.31667,False,America/Detroit,America/New_York
1848,2018-03-26,DTW,LGA,7.7,9.15,7.71667,9.18333,9.65,8.36667,False,America/Detroit,America/New_York
1401,2018-03-26,DTW,LGA,9.06667,10.4333,9.26667,10.7,11.2,9.93333,False,America/Detroit,America/New_York
3719,2018-03-26,DTW,LGA,9.7,11.0167,9.6,10.8833,11.4,10.0667,False,America/Detroit,America/New_York
871,2018-03-26,DTW,LGA,10.5333,11.85,10.4833,11.6333,12.1167,10.75,False,America/Detroit,America/New_York
4548,2018-03-26,DTW,LGA,11.7833,13.0833,11.7,12.6667,13.15,11.8833,False,America/Detroit,America/New_York
1548,2018-03-26,DTW,LGA,12.6667,14,12.6,13.95,14.45,13.1333,False,America/Detroit,America/New_York
2231,2018-03-26,DTW,LGA,14.5667,15.9,14.5333,15.6,16.1,14.8833,False,America/Detroit,America/New_York
3677,2018-03-26,DTW,LGA,14.6167,15.8333,15.7167,17.35,17.8167,16.1,False,America/Detroit,America/New_York
4078,2018-03-26,DTW,LGA,16.1167,17.3333,15.9167,17.5333,17.9,16.2333,False,America/Detroit,America/New_York
582,2018-03-26,DTW,LGA,16.45,17.7833,16.3667,17.85,18.3667,17.0833,False,America/Detroit,America/New_York
347,2018-03-26,DTW,LGA,16.7,17.9167,18.2,19.3167,19.75,18.4333,False,America/Detroit,America/New_York
2384,2018-03-26,DTW,LGA,18.1333,19.5,18.3,19.55,20.0167,18.65,False,America/Detroit,America/New_York
3443,2018-03-26,DTW,LGA,19.0833,20.4167,19.4167,20.7667,21.25,19.8833,False,America/Detroit,America/New_York
973,2018-03-26,DTW,LGA,20.5833,21.9167,20.6833,21.7667,22.25,20.95,False,America/Detroit,America/New_York
788,2018-03-26,DTW,LGA,22.4833,23.6667,22.3667,23.3333,23.8333,22.5667,False,America/Detroit,America/New_York
3320,2018-03-26,DAL,LGA,6.85,10.5667,6.85,10.4667,11.3167,7.26667,False,America/Chicago,America/New_York
690,2018-03-26,DAL,LGA,7.18333,10.6,7.18333,10.65,11.4833,7.35,False,America/Chicago,America/New_York
3322,2018-03-26,DAL,LGA,11.2667,14.9167,11.25,14.9667,15.7833,11.4667,False,America/Chicago,America/New_York
5642,2018-03-26,DAL,LGA,11.4333,14.7667,11.7333,15.2667,15.9833,11.95,False,America/Chicago,America/New_York
3324,2018-03-26,DAL,LGA,13.1833,16.9,13.1167,16.6667,17.4667,13.45,False,America/Chicago,America/New_York
2158,2018-03-26,DAL,LGA,15.2667,18.6833,15.4833,18.75,19.5833,15.65,False,America/Chicago,America/New_York
3326,2018-03-26,DAL,LGA,17.85,21.5,17.95,21.3833,22.25,18.2833,False,America/Chicago,America/New_York
42,2018-03-26,DAL,LGA,18.9333,22.2667,18.9667,22.2,23,19.1167,False,America/Chicago,America/New_York
1171,2018-03-26,MDW,LGA,6.85,9.01667,6.76667,8.8,9.63333,6.95,False,America/Chicago,America/New_York
1274,2018-03-26,MDW,LGA,9.18333,11.35,9.18333,11.3667,12.1833,9.48333,False,America/Chicago,America/New_York
1283,2018-03-26,MDW,LGA,13.35,15.4333,13.3333,15.25,16.05,13.4667,False,America/Chicago,America/New_York
1276,2018-03-26,MDW,LGA,15.7667,17.85,16.5833,18.6,19.4167,16.7667,False,America/Chicago,America/New_York
6049,2018-03-26,MDW,LGA,18.1833,20.2667,18.4833,20.85,21.25,18.6667,False,America/Chicago,America/New_York
2098,2018-03-26,MDW,LGA,21.1,23.2667,21.1667,23.0833,23.9167,21.3333,False,America/Chicago,America/New_York
1872,2018-03-26,MKE,LGA,6.85,9.1,6.85,9.1,9.73333,7.08333,False,America/Chicago,America/New_York
3911,2018-03-26,MKE,LGA,7.1,9.46667,7.06667,9.55,10.3167,7.51667,False,America/Chicago,America/New_York
3472,2018-03-26,MKE,LGA,10.35,12.7,10.25,12.35,13.1833,10.4,False,America/Chicago,America/New_York
3840,2018-03-26,MKE,LGA,12.2667,14.65,12.2167,14.4333,15.2667,12.4,False,America/Chicago,America/New_York
3857,2018-03-26,MKE,LGA,15.35,17.75,15.45,17.6167,18.4167,15.65,False,America/Chicago,America/New_York
6112,2018-03-26,MKE,LGA,17.1,19.2667,17.2667,19.3,20.1333,17.4667,False,America/Chicago,America/New_York
3643,2018-03-26,MKE,LGA,18.8167,21.1833,19.5833,21.5333,22.3333,19.75,False,America/Chicago,America/New_York
1573,2018-03-26,TPA,LGA,5.93333,8.6,5.85,8.53333,8.41667,5.98333,False,America/New_York,America/New_York
773,2018-03-26,TPA,LGA,7.93333,10.8,7.91667,10.6333,10.5167,8.15,False,America/New_York,America/New_York
2143,2018-03-26,TPA,LGA,12.4333,15.2667,13.4667,16.05,15.9667,13.6667,False,America/New_York,America/New_York
6144,2018-03-26,TPA,LGA,14.5167,17.2667,14.7333,17.4,17.3333,14.9,False,America/New_York,America/New_York
2646,2018-03-26,TPA,LGA,15.2667,18.0833,15.35,18.1167,17.9833,15.5167,False,America/New_York,America/New_York
842,2018-03-26,TPA,LGA,19.9,22.7333,19.9,22.9167,22.8,20.2167,False,America/New_York,America/New_York
6073,2018-03-26,BOS,LGA,5.93333,7.43333,5.85,7.08333,6.9,6.18333,False,America/New_York,America/New_York
2143,2018-03-26,BOS,LGA,5.93333,7.4,5.81667,7.11667,7.01667,6.25,False,America/New_York,America/New_York
2165,2018-03-26,BOS,LGA,6.43333,7.86667,6.41667,7.8,7.68333,6.88333,False,America/New_York,America/New_York
2665,2018-03-26,BOS,LGA,6.43333,7.91667,6.35,7.36667,7.31667,6.6,False,America/New_York,America/New_York
631,2018-03-26,BOS,LGA,6.6,7.98333,6.4,7.95,7.88333,7,False,America/New_York,America/New_York
2132,2018-03-26,BOS,LGA,6.93333,8.43333,6.85,8.38333,8.15,7.21667,False,America/New_York,America/New_York
2667,2018-03-26,BOS,LGA,6.93333,8.51667,6.9,8.28333,8.18333,7.3,False,America/New_York,America/New_York
2591,2018-03-26,BOS,LGA,7.43333,9.01667,7.56667,8.85,8.78333,7.91667,False,America/New_York,America/New_York
6055,2018-03-26,BOS,LGA,7.93333,9.33333,8.4,9.56667,9.43333,8.63333,False,America/New_York,America/New_York
2126,2018-03-26,BOS,LGA,7.93333,9.41667,7.85,9.31667,8.96667,8.13333,False,America/New_York,America/New_York
731,2018-03-26,BOS,LGA,8.6,9.98333,8.53333,9.76667,9.66667,8.81667,False,America/New_York,America/New_York
6057,2018-03-26,BOS,LGA,8.93333,10.3333,8.73333,10.15,10.0333,9.16667,False,America/New_York,America/New_York
2152,2018-03-26,BOS,LGA,8.93333,10.4167,8.81667,10.2667,9.93333,9.08333,False,America/New_York,America/New_York
6059,2018-03-26,BOS,LGA,9.93333,11.4833,9.91667,11.25,11.1667,10.3,False,America/New_York,America/New_York
2133,2018-03-26,BOS,LGA,9.93333,11.3333,9.81667,10.9167,10.8333,10,False,America/New_York,America/New_York
2144,2018-03-26,BOS,LGA,10.9333,12.3667,10.9667,12.1667,11.9833,11.1833,False,America/New_York,America/New_York
2669,2018-03-26,BOS,LGA,10.9333,12.2667,10.9167,11.95,11.8667,11.1333,False,America/New_York,America/New_York
831,2018-03-26,BOS,LGA,11.55,12.8333,11.4333,12.5667,12.5,11.75,False,America/New_York,America/New_York
6063,2018-03-26,BOS,LGA,11.9333,13.3333,12.2,13.3167,13.2167,12.4333,False,America/New_York,America/New_York
2136,2018-03-26,BOS,LGA,11.9333,13.3333,11.8833,13.1167,12.8667,12.1,False,America/New_York,America/New_York
6065,2018-03-26,BOS,LGA,12.9333,14.3333,13.75,14.8833,14.8,14.0167,False,America/New_York,America/New_York
2162,2018-03-26,BOS,LGA,12.9333,14.4,12.9333,14.4,14.1333,13.2833,False,America/New_York,America/New_York
6067,2018-03-26,BOS,LGA,13.9333,15.35,13.8,15,14.9,14.0833,False,America/New_York,America/New_York
2135,2018-03-26,BOS,LGA,13.9333,15.3833,13.85,15.0833,15.0167,14.15,False,America/New_York,America/New_York
6069,2018-03-26,BOS,LGA,14.9333,16.35,15.3667,16.55,16.4667,15.6833,False,America/New_York,America/New_York
2131,2018-03-26,BOS,LGA,14.9333,16.4167,15.35,16.5167,16.3167,15.5333,False,America/New_York,America/New_York
1231,2018-03-26,BOS,LGA,15.1,16.6667,15.0333,16.2,16.15,15.3667,False,America/New_York,America/New_York
5906,2018-03-26,BOS,LGA,15.9333,17.3667,17.1667,18.4833,18.25,17.5667,False,America/New_York,America/New_York
2146,2018-03-26,BOS,LGA,15.9333,17.4167,16.1167,17.7833,17.7333,16.8,False,America/New_York,America/New_York
2172,2018-03-26,BOS,LGA,16.9333,18.4167,16.9,18.65,18.5333,17.8833,False,America/New_York,America/New_York
1900,2018-03-26,BOS,LGA,16.9333,18.5667,17.1833,18.25,18.1,17.4333,False,America/New_York,America/New_York
1331,2018-03-26,BOS,LGA,17.1,18.7,17.5667,18.8333,18.8167,18.1333,False,America/New_York,America/New_York
6075,2018-03-26,BOS,LGA,17.9333,19.4833,17.8667,19.9167,19.4,18.6667,False,America/New_York,America/New_York
2145,2018-03-26,BOS,LGA,17.9333,19.4167,17.8667,19.25,19.0333,18.3333,False,America/New_York,America/New_York
6077,2018-03-26,BOS,LGA,18.9333,20.4167,18.9167,20.4,20.1167,19.45,False,America/New_York,America/New_York
2141,2018-03-26,BOS,LGA,18.9333,20.4167,18.85,20.1833,19.9,19.2167,False,America/New_York,America/New_York
1431,2018-03-26,BOS,LGA,19.6,21.0833,19.9667,21.2,21.1,20.4,False,America/New_York,America/New_York
2673,2018-03-26,BOS,LGA,19.9333,21.25,19.85,21.1167,21.0167,20.35,False,America/New_York,America/New_York
6102,2018-03-26,IAH,LGA,6.85,10.5167,6.78333,10.3,11.1333,7.01667,False,America/Chicago,America/New_York
1805,2018-03-26,IAH,LGA,7.9,11.4333,7.85,11.3,12.1667,8.11667,False,America/Chicago,America/New_York
1573,2018-03-26,IAH,LGA,8.93333,12.45,8.81667,12.3,13.05,9.06667,False,America/Chicago,America/New_York
6014,2018-03-26,IAH,LGA,10.7667,14.45,10.5333,14.0667,14.85,10.7333,False,America/Chicago,America/New_York
1920,2018-03-26,IAH,LGA,11.1167,14.6167,11.2333,14.8667,15.6667,11.4,False,America/Chicago,America/New_York
5899,2018-03-26,IAH,LGA,13.2667,17.05,13.2333,16.9833,17.75,13.45,False,America/Chicago,America/New_York
1254,2018-03-26,IAH,LGA,13.35,16.8833,13.2333,16.7667,17.6,13.5,False,America/Chicago,America/New_York
6090,2018-03-26,IAH,LGA,15.05,18.7667,15.1,18.8,19.6167,15.3,False,America/Chicago,America/New_York
1410,2018-03-26,IAH,LGA,15.65,19.25,15.6333,19.1333,19.9833,15.8167,False,America/Chicago,America/New_York
2094,2018-03-26,IAH,LGA,17.3167,20.9167,17.2667,20.85,21.6667,17.6167,False,America/Chicago,America/New_York
6007,2018-03-26,IAH,LGA,17.35,21.15,17.2333,21.3,22.1,17.8667,False,America/Chicago,America/New_York
1501,2018-03-26,IAH,LGA,18.3167,21.9167,18.1833,21.7667,22.6333,18.6667,False,America/Chicago,America/New_York
1284,2018-03-26,IAH,LGA,19.15,22.75,19.1,22.3667,23.2167,19.2833,False,America/Chicago,America/New_York
6119,2018-03-26,IAH,LGA,19.8167,23.5,19.7,23.1667,23.9667,19.85,False,America/Chicago,America/New_York
6132,2018-03-26,DCA,LGA,5.93333,6.91667,5.9,6.95,6.86667,6.11667,False,America/New_York,America/New_York
4754,2018-03-26,DCA,LGA,5.93333,7.21667,5.9,7.18333,7.03333,6.33333,False,America/New_York,America/New_York
6134,2018-03-26,DCA,LGA,6.91667,8.33333,6.88333,8.41667,8.26667,7.5,False,America/New_York,America/New_York
4758,2018-03-26,DCA,LGA,6.93333,8.4,6.81667,8.31667,8.11667,7.35,False,America/New_York,America/New_York
6136,2018-03-26,DCA,LGA,7.93333,9.35,7.91667,9.13333,9.01667,8.26667,False,America/New_York,America/New_York
4750,2018-03-26,DCA,LGA,7.93333,9.41667,7.8,9.03333,8.75,8.01667,False,America/New_York,America/New_York
6138,2018-03-26,DCA,LGA,8.93333,10.5,8.86667,10.8333,10.75,9.48333,False,America/New_York,America/New_York
4764,2018-03-26,DCA,LGA,8.93333,10.5167,8.8,11.0333,10.9,9.6,False,America/New_York,America/New_York
4753,2018-03-26,DCA,LGA,9.93333,11.4333,9.83333,11.0167,10.8833,10.1167,False,America/New_York,America/New_York
6140,2018-03-26,DCA,LGA,10.9333,12.3,10.8667,11.9167,11.8333,11.0833,False,America/New_York,America/New_York
4751,2018-03-26,DCA,LGA,11.9333,13.35,11.8,13.15,12.75,12.1,False,America/New_York,America/New_York
6142,2018-03-26,DCA,LGA,12.9167,14.3333,12.9167,14.7,14.5667,13.2167,False,America/New_York,America/New_York
6144,2018-03-26,DCA,LGA,13.9167,15.3333,13.8833,15.8833,15.8167,15.1,False,America/New_York,America/New_York
4755,2018-03-26,DCA,LGA,13.9333,15.3833,14.15,15.85,15.75,15.0667,False,America/New_York,America/New_York
6146,2018-03-26,DCA,LGA,14.9333,16.35,18.5167,20.25,20,19.2,False,America/New_York,America/New_York
4759,2018-03-26,DCA,LGA,14.9333,16.4167,14.9333,17.7167,17.4,16.7,False,America/New_York,America/New_York
6148,2018-03-26,DCA,LGA,15.9167,17.4833,16.25,19.1167,18.9333,18.2,False,America/New_York,America/New_York
4762,2018-03-26,DCA,LGA,15.9333,17.4167,15.8667,18.8,18.5667,17.7167,False,America/New_York,America/New_York
6150,2018-03-26,DCA,LGA,16.9333,18.35,17.3667,19.4833,19.3667,18.45,False,America/New_York,America/New_York
4761,2018-03-26,DCA,LGA,16.9333,18.3833,17,18.65,18.45,17.6,False,America/New_York,America/New_York
6152,2018-03-26,DCA,LGA,17.9333,19.45,18.3,19.6333,19.5,18.6333,False,America/New_York,America/New_York
4756,2018-03-26,DCA,LGA,17.9333,19.4167,17.9333,19.6833,19.3833,18.5667,False,America/New_York,America/New_York
6154,2018-03-26,DCA,LGA,18.9333,20.5,19.9667,21.6833,21.5667,20.8,False,America/New_York,America/New_York
4760,2018-03-26,DCA,LGA,18.9333,20.5,20.35,21.7833,21.6833,20.9333,False,America/New_York,America/New_York
4752,2018-03-26,DCA,LGA,21.9333,23.1833,21.7833,22.85,22.7,22.0333,False,America/New_York,America/New_York
4748,2018-03-26,CMH,LGA,5.93333,7.65,6.11667,7.7,7.61667,6.43333,False,America/New_York,America/New_York
5914,2018-03-26,CMH,LGA,6.03333,7.78333,6,7.46667,7.4,6.16667,False,America/New_York,America/New_York
6015,2018-03-26,CMH,LGA,7.03333,8.8,6.98333,8.56667,8.45,7.21667,False,America/New_York,America/New_York
5873,2018-03-26,CMH,LGA,8.53333,10.35,8.36667,10.1167,9.9,8.63333,False,America/New_York,America/New_York
3779,2018-03-26,CMH,LGA,8.68333,10.4667,8.61667,10.3333,10.1833,8.88333,False,America/New_York,America/New_York
5887,2018-03-26,CMH,LGA,11.4,13.2167,11.45,13,12.8333,11.6333,False,America/New_York,America/New_York
3772,2018-03-26,CMH,LGA,12.05,13.75,11.9333,14,13.7833,12.4667,False,America/New_York,America/New_York
5880,2018-03-26,CMH,LGA,15.9333,17.7167,15.9833,18.0333,17.9167,16.55,False,America/New_York,America/New_York
3774,2018-03-26,CMH,LGA,16.4333,18.2667,16.4167,18.1667,18,16.65,False,America/New_York,America/New_York
3820,2018-03-26,CMH,LGA,17.5167,19.3333,17.4,19.4667,19.3167,18,False,America/New_York,America/New_York
3352,2018-03-26,CMH,LGA,18.2833,20.1,18.4833,20.4333,20.2167,18.8833,False,America/New_York,America/New_York
4487,2018-03-26,CMH,LGA,19.6167,21.4167,19.4333,21.3667,21.15,19.8167,False,America/New_York,America/New_York
2060,2018-03-26,CLT,LGA,5.93333,7.73333,5.85,7.6,7.35,6.01667,False,America/New_York,America/New_York
5579,2018-03-26,CLT,LGA,7.43333,9.43333,7.35,9.36667,9.2,7.85,False,America/New_York,America/New_York
2062,2018-03-26,CLT,LGA,8,10.0833,7.88333,10.2833,9.85,8.41667,False,America/New_York,America/New_York
3347,2018-03-26,CLT,LGA,9.18333,11.25,9.01667,11.05,10.95,9.56667,False,America/New_York,America/New_York
1910,2018-03-26,CLT,LGA,9.95,12.0167,10.0833,12.1333,11.9667,10.6333,False,America/New_York,America/New_York
5469,2018-03-26,CLT,LGA,10.6833,12.7,11.1333,13.15,12.8833,11.5833,False,America/New_York,America/New_York
2064,2018-03-26,CLT,LGA,11.5167,13.4833,11.45,13.25,13.1833,11.9,False,America/New_York,America/New_York
3419,2018-03-26,CLT,LGA,11.85,13.9167,11.8333,14.1833,13.7333,12.3833,False,America/New_York,America/New_York
2066,2018-03-26,CLT,LGA,13.0167,14.9167,12.9167,15.1167,15.05,13.5333,False,America/New_York,America/New_York
3378,2018-03-26,CLT,LGA,13.9333,15.9167,13.8167,15.75,15.6833,14.3167,False,America/New_York,America/New_York
2068,2018-03-26,CLT,LGA,14.1,15.8833,15.2667,17.2333,17.1167,15.7,False,America/New_York,America/New_York
5434,2018-03-26,CLT,LGA,14.45,16.4,14.4333,16.5167,16.2667,14.9,False,America/New_York,America/New_York
3498,2018-03-26,CLT,LGA,15.9333,18.0167,15.7667,17.95,17.8667,16.45,False,America/New_York,America/New_York
2050,2018-03-26,CLT,LGA,16.0833,17.9167,16.4167,18.4667,18.4167,16.9667,False,America/New_York,America/New_York
5066,2018-03-26,CLT,LGA,17.2667,19.15,17.1667,18.9667,18.8833,17.4667,False,America/New_York,America/New_York
3678,2018-03-26,CLT,LGA,17.9333,20.1667,18.35,20.8,20.6,19.1167,False,America/New_York,America/New_York
1740,2018-03-26,CLT,LGA,18.0833,20.0833,18.25,20.5167,20.4667,18.9833,False,America/New_York,America/New_York
3806,2018-03-26,CLT,LGA,19.9333,22,19.85,22.1167,22,20.55,False,America/New_York,America/New_York
1954,2018-03-26,CLT,LGA,20.4333,22.35,20.35,22.4,22.2667,20.85,False,America/New_York,America/New_York
682,2018-03-26,CLT,LGA,22,23.7667,22.05,24.5167,23.6,22.25,False,America/New_York,America/New_York
3288,2018-03-26,PIT,LGA,5.93333,7.43333,5.93333,7.28333,7.18333,6.26667,False,America/New_York,America/New_York
4525,2018-03-26,PIT,LGA,6.01667,7.6,6.21667,7.7,7.56667,6.65,False,America/New_York,America/New_York
4652,2018-03-26,PIT,LGA,7.35,8.93333,7.31667,9.01667,8.93333,7.95,False,America/New_York,America/New_York
5421,2018-03-26,PIT,LGA,9.25,10.9833,9.15,11.1,11,9.95,False,America/New_York,America/New_York
5254,2018-03-26,PIT,LGA,11.0333,12.5,11.05,12.45,12.3167,11.3167,False,America/New_York,America/New_York
5874,2018-03-26,PIT,LGA,11.7833,13.25,11.7167,13.7333,13.65,12.6667,False,America/New_York,America/New_York
5402,2018-03-26,PIT,LGA,13.8833,15.4333,13.8333,15.0833,15,14.0667,False,America/New_York,America/New_York
3681,2018-03-26,PIT,LGA,15.25,16.8333,15.1333,16.2667,16.1833,15.2667,False,America/New_York,America/New_York
5595,2018-03-26,PIT,LGA,15.85,17.4167,16.95,18.4167,18.2333,17.2167,False,America/New_York,America/New_York
3832,2018-03-26,PIT,LGA,17.5167,19.2167,17.35,18.9,18.7667,17.8,False,America/New_York,America/New_York
3809,2018-03-26,PIT,LGA,18.3667,19.9167,18.8167,20.5667,20.2333,19.25,False,America/New_York,America/New_York
3384,2018-03-26,PIT,LGA,19.5167,21.15,20.1833,22.0167,21.9,20.8833,False,America/New_York,America/New_York
4651,2018-03-26,PIT,LGA,20.4667,22.0167,20.3,22.0333,21.8,20.75,False,America/New_York,America/New_York
3367,2018-03-26,GRR,LGA,6.53333,7.85,6.45,7.81667,8.33333,6.85,False,America/Detroit,America/New_York
5434,2018-03-26,GRR,LGA,13.2833,14.5833,13.2,14.55,15.0333,13.5,False,America/Detroit,America/New_York
3469,2018-03-26,CHS,LGA,5.93333,7.91667,5.88333,7.73333,7.65,6.11667,False,America/New_York,America/New_York
3929,2018-03-26,CHS,LGA,12.85,14.9167,12.8667,15.4333,15.1167,13.3167,False,America/New_York,America/New_York
3637,2018-03-26,CHS,LGA,17.5167,19.6667,17.7667,20.0667,19.85,18.2333,False,America/New_York,America/New_York
3939,2018-03-26,BUF,LGA,5.93333,7.36667,5.85,7.35,7.13333,6.18333,False,America/New_York,America/New_York
743,2018-03-26,BUF,LGA,7.93333,9.43333,7.93333,9.36667,9.26667,8.31667,False,America/New_York,America/New_York
3981,2018-03-26,BUF,LGA,10.9333,12.35,10.9167,12.2667,12.1167,11.1,False,America/New_York,America/New_York
3409,2018-03-26,BUF,LGA,14.7667,16.2333,14.5833,16,15.9,15,False,America/New_York,America/New_York
3777,2018-03-26,BUF,LGA,17.9167,19.4333,17.9833,19.3333,19.2,18.3,False,America/New_York,America/New_York
3988,2018-03-26,MEM,LGA,6.85,9.53333,6.8,9.48333,10.2333,7.2,False,America/Chicago,America/New_York
3816,2018-03-26,MEM,LGA,8.68333,11.4333,8.48333,11.15,11.9333,8.65,False,America/Chicago,America/New_York
4608,2018-03-26,MEM,LGA,13.6833,16.4167,13.6,16.1667,16.9167,13.8,False,America/Chicago,America/New_York
5496,2018-03-26,MEM,LGA,14.3333,17.1,14.2333,16.8167,17.65,14.4667,False,America/Chicago,America/New_York
3773,2018-03-26,MHT,LGA,5.93333,7.35,5.83333,6.91667,6.81667,6.1,False,America/New_York,America/New_York
3794,2018-03-26,MHT,LGA,12.5167,14.0667,12.4333,13.6667,13.4167,12.5667,False,America/New_York,America/New_York
5071,2018-03-26,MHT,LGA,17.2333,18.8167,17.5333,18.8167,18.65,17.9333,False,America/New_York,America/New_York
272,2018-03-26,FLL,LGA,5.93333,8.83333,5.83333,8.76667,8.7,6.05,False,America/New_York,America/New_York
1428,2018-03-26,FLL,LGA,6.93333,10,6.88333,9.83333,9.71667,7.18333,False,America/New_York,America/New_York
604,2018-03-26,FLL,LGA,7.25,10.2167,7.16667,10.1667,10.0167,7.5,False,America/New_York,America/New_York
1498,2018-03-26,FLL,LGA,9.01667,12.1167,8.96667,11.9,11.6333,9.18333,False,America/New_York,America/New_York
1572,2018-03-26,FLL,LGA,10.9667,13.9333,11.4167,14.7,14.5333,11.7167,False,America/New_York,America/New_York
1722,2018-03-26,FLL,LGA,10.9833,14.1167,14.4167,17.2667,17.1833,14.65,False,America/New_York,America/New_York
180,2018-03-26,FLL,LGA,11.4833,14.4167,11.4333,14.4333,14.2667,11.6167,False,America/New_York,America/New_York
1410,2018-03-26,FLL,LGA,13.3333,16.4167,13.3,16.15,16.05,13.6,False,America/New_York,America/New_York
1272,2018-03-26,FLL,LGA,15.75,18.7333,15.5833,18.8667,18.7833,16.05,False,America/New_York,America/New_York
818,2018-03-26,FLL,LGA,15.7667,18.7667,16.9333,20.2167,19.95,17.1833,False,America/New_York,America/New_York
174,2018-03-26,FLL,LGA,16.4833,19.4167,16.3667,20.0667,19.6833,17.0667,False,America/New_York,America/New_York
672,2018-03-26,FLL,LGA,17.7667,20.8167,17.6333,21.2,21.1333,18.3333,False,America/New_York,America/New_York
952,2018-03-26,FLL,LGA,18.9333,22.0167,18.8667,22.1,21.9167,19.2167,False,America/New_York,America/New_York
1472,2018-03-26,FLL,LGA,20.2333,23.1833,24.8833,27.9333,27.8167,25.0667,False,America/New_York,America/New_York
710,2018-03-26,FLL,LGA,20.4333,23.3667,20.4667,24.5833,23.4167,20.7667,False,America/New_York,America/New_York
5401,2018-03-26,OMA,LGA,6.88333,9.93333,6.76667,9.38333,10.2,6.93333,False,America/Chicago,America/New_York
3426,2018-03-26,ROC,LGA,5.96667,7.41667,5.76667,7.36667,7.28333,6.38333,False,America/New_York,America/New_York
4091,2018-03-26,ROC,LGA,10.4667,11.8833,10.3333,11.5,11.4167,10.4833,False,America/New_York,America/New_York
3326,2018-03-26,ROC,LGA,12.3333,13.6667,12.2833,13.5833,13.4833,12.5667,False,America/New_York,America/New_York
5610,2018-03-26,ROC,LGA,14.9167,16.3667,15.4833,16.75,16.6,15.65,False,America/New_York,America/New_York
3296,2018-03-26,ROC,LGA,17.0167,18.5167,17.15,18.45,18.3167,17.55,False,America/New_York,America/New_York
5422,2018-03-26,RIC,LGA,5.98333,7.43333,5.91667,7.33333,7.25,6.45,False,America/New_York,America/New_York
3972,2018-03-26,RIC,LGA,6.01667,7.36667,5.83333,8.05,7.85,6.96667,False,America/New_York,America/New_York
3971,2018-03-26,RIC,LGA,10.4667,11.9333,10.35,11.6667,11.5833,10.7167,False,America/New_York,America/New_York
3320,2018-03-26,RIC,LGA,10.85,12.2667,10.6833,11.9167,11.7833,10.9833,False,America/New_York,America/New_York
5502,2018-03-26,RIC,LGA,11.9667,13.4167,12.3167,13.7833,13.6667,12.8167,False,America/New_York,America/New_York
3968,2018-03-26,RIC,LGA,14.1167,15.6,14.2667,16.9667,16.7833,15.9,False,America/New_York,America/New_York
5466,2018-03-26,RIC,LGA,14.6833,16.2167,14.5667,16.3333,16.2167,15.4333,False,America/New_York,America/New_York
5587,2018-03-26,RIC,LGA,17.8,19.4333,17.9667,19.7,19.5833,18.7,False,America/New_York,America/New_York
3969,2018-03-26,RIC,LGA,18.1833,19.75,18.1333,20.2833,19.7167,18.8333,False,America/New_York,America/New_York
3499,2018-03-26,SAV,LGA,6,8.18333,5.98333,8.15,8.06667,6.38333,False,America/New_York,America/New_York
5471,2018-03-26,SAV,LGA,11.85,14.0167,11.7833,13.9167,13.8,12.0667,False,America/New_York,America/New_York
3507,2018-03-26,SAV,LGA,18.85,21.0333,19.0667,21.35,21.2333,19.2833,False,America/New_York,America/New_York
1476,2018-03-26,MSY,LGA,6.93333,10.0167,6.8,9.68333,10.5167,7.03333,False,America/Chicago,America/New_York
2908,2018-03-26,MSY,LGA,14.6,17.6,14.5333,17.55,18.3667,14.8,False,America/Chicago,America/New_York
2989,2018-03-26,MSY,LGA,17.9333,21.05,17.8833,21.4333,22.1833,18.55,False,America/Chicago,America/New_York
2276,2018-03-26,MCO,LGA,6.01667,8.75,5.95,8.41667,8.33333,6.13333,False,America/New_York,America/New_York
198,2018-03-26,MCO,LGA,6.05,8.63333,6.33333,8.95,8.88333,6.65,False,America/New_York,America/New_York
1526,2018-03-26,MCO,LGA,8.1,10.85,8.01667,10.5833,10.4667,8.2,False,America/New_York,America/New_York
1395,2018-03-26,MCO,LGA,10.9333,13.7,10.9,13.5167,13.3167,11.1167,False,America/New_York,America/New_York
398,2018-03-26,MCO,LGA,12.1833,14.9,12.1,15.0667,14.9333,12.5,False,America/New_York,America/New_York
986,2018-03-26,MCO,LGA,13.9167,16.7167,13.8333,16.45,16.3333,14.0333,False,America/New_York,America/New_York
1839,2018-03-26,MCO,LGA,15.9,18.7167,16.5833,19.35,19.2333,16.8333,False,America/New_York,America/New_York
1198,2018-03-26,MCO,LGA,17.4333,20.2167,17.4333,20.55,20.4833,18.1333,False,America/New_York,America/New_York
869,2018-03-26,MCO,LGA,18.3333,21.1,18.45,21.0833,21,18.6833,False,America/New_York,America/New_York
698,2018-03-26,MCO,LGA,19.1,21.8667,20.1667,22.9333,22.8667,20.5,False,America/New_York,America/New_York
2285,2018-03-26,MCO,LGA,19.6833,22.3667,19.6167,22.5333,22.1167,19.9167,False,America/New_York,America/New_York
3983,2018-03-26,STL,LGA,6.93333,9.5,6.85,9.35,10.15,7.21667,False,America/Chicago,America/New_York
4413,2018-03-26,STL,LGA,7.86667,10.45,7.8,10.2667,11.0667,7.98333,False,America/Chicago,America/New_York
6600,2018-03-26,STL,LGA,9.1,11.5167,9.1,11.4333,12.25,9.25,False,America/Chicago,America/New_York
5047,2018-03-26,STL,LGA,11.7667,14.3,11.6667,14.25,15.0167,11.9833,False,America/Chicago,America/New_York
4614,2018-03-26,STL,LGA,11.9667,14.5167,11.85,14.4167,15.15,12.05,False,America/Chicago,America/New_York
3452,2018-03-26,STL,LGA,13.8167,16.4333,13.7333,16.5333,17.3167,14.2833,False,America/Chicago,America/New_York
2089,2018-03-26,STL,LGA,13.85,16.2667,14.3833,16.7833,17.6167,14.5667,False,America/Chicago,America/New_York
3982,2018-03-26,STL,LGA,15.5167,18.1,15.4,17.8167,18.6,15.6167,False,America/Chicago,America/New_York
4484,2018-03-26,STL,LGA,16.85,19.3833,16.85,19.6,20.4333,17.3333,False,America/Chicago,America/New_York
3970,2018-03-26,STL,LGA,17.6833,20.2667,17.9,20.4333,21.0667,18.15,False,America/Chicago,America/New_York
3697,2018-03-26,STL,LGA,18.3,20.9167,18.2667,20.7667,21.4833,18.5,False,America/Chicago,America/New_York
3914,2018-03-26,STL,LGA,19.4167,21.9167,19.65,22.2167,22.9833,19.9833,False,America/Chicago,America/New_York
623,2018-03-26,STL,LGA,20.6,22.9333,20.5167,22.7167,23.5667,20.7,False,America/Chicago,America/New_York
3910,2018-03-26,MCI,LGA,6.93333,9.93333,6.9,9.7,10.5333,7.23333,False,America/Chicago,America/New_York
3913,2018-03-26,MCI,LGA,10.5,13.4167,10.5,13.3333,14.15,10.9,False,America/Chicago,America/New_York
3978,2018-03-26,MCI,LGA,12.1667,15.1,12.1167,14.8667,15.7,12.4167,False,America/Chicago,America/New_York
1838,2018-03-26,MCI,LGA,12.9333,15.7667,12.8667,15.4667,16.3167,13.0833,False,America/Chicago,America/New_York
3360,2018-03-26,MCI,LGA,15.1833,18.1667,15.0167,17.75,18.55,15.2333,False,America/Chicago,America/New_York
3389,2018-03-26,MCI,LGA,19.4333,22.35,19.3,22.0667,22.75,19.5,False,America/Chicago,America/New_York
5939,2018-03-26,MSN,LGA,7.01667,9.5,7.6,9.85,10.6167,7.83333,False,America/Chicago,America/New_York
3670,2018-03-26,MSN,LGA,18.7167,21.1833,18.6667,21.0833,21.8667,19.0833,False,America/Chicago,America/New_York
5546,2018-03-26,BHM,LGA,7.1,9.73333,7.36667,9.75,10.6,7.51667,False,America/Chicago,America/New_York
5438,2018-03-26,BHM,LGA,17.5333,20.1833,18.65,21.2167,21.9833,18.85,False,America/Chicago,America/New_York
3990,2018-03-26,GSP,LGA,6.18333,8.26667,6.16667,8.06667,7.95,6.48333,False,America/New_York,America/New_York
6085,2018-03-26,IND,LGA,7.06667,8.41667,7.05,8.26667,8.98333,7.31667,False,America/Indiana/Indianapolis,America/New_York
4685,2018-03-26,IND,LGA,7.75,9.06667,7.55,8.61667,9.33333,7.76667,False,America/Indiana/Indianapolis,America/New_York
6086,2018-03-26,IND,LGA,9.75,11.0833,9.7,10.75,11.4833,9.88333,False,America/Indiana/Indianapolis,America/New_York
3902,2018-03-26,IND,LGA,12.5833,13.9,12.4667,13.4667,14.2,12.7,False,America/Indiana/Indianapolis,America/New_York
5988,2018-03-26,IND,LGA,15.75,17.0167,15.6833,16.9167,17.6167,15.95,False,America/Indiana/Indianapolis,America/New_York
4716,2018-03-26,IND,LGA,17.65,18.9167,18.0667,19.6667,20.3,18.6333,False,America/Indiana/Indianapolis,America/New_York
4466,2018-03-26,IND,LGA,19,20.2667,18.8667,20.1,20.8,19.2167,False,America/Indiana/Indianapolis,America/New_York
3949,2018-03-26,IND,LGA,19.6667,20.95,19.7167,20.8,21.5333,20.0167,False,America/Indiana/Indianapolis,America/New_York
5095,2018-03-26,CAK,LGA,6.35,7.95,6.28333,7.68333,7.55,6.5,False,America/New_York,America/New_York
6114,2018-03-26,SDF,LGA,7.23333,8.6,7.18333,8.53333,9.06667,7.38333,False,America/Kentucky/Louisville,America/New_York
3775,2018-03-26,SDF,LGA,11.15,12.4667,10.9833,12.5167,13.0667,11.3333,False,America/Kentucky/Louisville,America/New_York
3719,2018-03-26,SDF,LGA,13.3333,14.7667,13.1833,14.6833,15.3,13.4,False,America/Kentucky/Louisville,America/New_York
3788,2018-03-26,SDF,LGA,16.3167,17.6833,16.3333,17.6667,18.3833,16.6,False,America/Kentucky/Louisville,America/New_York
3799,2018-03-26,SDF,LGA,18.45,19.85,19.0833,20.4167,20.9667,19.2833,False,America/Kentucky/Louisville,America/New_York
2035,2018-03-26,BNA,LGA,7.43333,9.68333,7.76667,9.9,10.6667,7.91667,False,America/Chicago,America/New_York
3364,2018-03-26,BNA,LGA,7.85,10.45,7.8,10.25,11.0167,7.98333,False,America/Chicago,America/New_York
3323,2018-03-26,BNA,LGA,8.05,10.4333,8.01667,10.8,11.65,8.31667,False,America/Chicago,America/New_York
5896,2018-03-26,BNA,LGA,9.48333,11.9,9.33333,11.6333,12.4667,9.56667,False,America/Chicago,America/New_York
4501,2018-03-26,BNA,LGA,10.6833,13.0833,10.6167,13.0667,13.9167,10.9333,False,America/Chicago,America/New_York
383,2018-03-26,BNA,LGA,10.85,13.1,10.8333,13.0667,13.9333,11,False,America/Chicago,America/New_York
5410,2018-03-26,BNA,LGA,11.4333,13.7167,11.3167,13.65,14.4833,11.6,False,America/Chicago,America/New_York
3510,2018-03-26,BNA,LGA,13.3667,15.8667,13.3167,15.6333,16.4667,13.5667,False,America/Chicago,America/New_York
5174,2018-03-26,BNA,LGA,14.0167,16.4167,13.9833,16.5167,17.2667,14.2,False,America/Chicago,America/New_York
4737,2018-03-26,BNA,LGA,15.15,17.4167,15.0167,17.3333,18.1667,15.2833,False,America/Chicago,America/New_York
5872,2018-03-26,BNA,LGA,16.95,19.45,17.1833,19.7333,20.5167,17.6333,False,America/Chicago,America/New_York
181,2018-03-26,BNA,LGA,17.5167,19.7667,17.55,19.9167,20.75,17.9,False,America/Chicago,America/New_York
4470,2018-03-26,BNA,LGA,19.4333,21.8,19.3667,21.8,22.5,19.6833,False,America/Chicago,America/New_York
3362,2018-03-26,BNA,LGA,19.7667,22.1833,19.7167,22.1,22.9,19.9333,False,America/Chicago,America/New_York
1150,2018-03-26,DFW,LGA,7.63333,11.0167,7.51667,10.8833,11.6167,7.68333,False,America/Chicago,America/New_York
6002,2018-03-26,DFW,LGA,7.85,11.5833,7.78333,11.3167,12.1,8.13333,False,America/Chicago,America/New_York
1104,2018-03-26,DFW,LGA,8.6,12,8.53333,11.95,12.7667,8.75,False,America/Chicago,America/New_York
718,2018-03-26,DFW,LGA,9.05,12.5833,8.96667,12.5333,13.1,9.21667,False,America/Chicago,America/New_York
1112,2018-03-26,DFW,LGA,10.1,13.6667,10.0333,13.45,14.2667,10.4,False,America/Chicago,America/New_York
6130,2018-03-26,DFW,LGA,10.7833,14.4167,10.7,14.3667,15.0833,10.9667,False,America/Chicago,America/New_York
1169,2018-03-26,DFW,LGA,11.5167,14.9167,11.6167,14.9333,15.7667,11.9,False,America/Chicago,America/New_York
2216,2018-03-26,DFW,LGA,12.6167,16,12.4667,15.6833,16.5,12.6333,False,America/Chicago,America/New_York
2997,2018-03-26,DFW,LGA,12.85,16.4333,12.75,15.95,16.7667,12.9833,False,America/Chicago,America/New_York
1118,2018-03-26,DFW,LGA,13.4333,16.8667,13.3333,16.7167,17.5667,13.45,False,America/Chicago,America/New_York
2263,2018-03-26,DFW,LGA,15.4333,18.8667,16,19.2,20.05,16.1333,False,America/Chicago,America/New_York
6083,2018-03-26,DFW,LGA,15.5,19.1833,15.4833,18.95,19.75,15.7333,False,America/Chicago,America/New_York
2182,2018-03-26,DFW,LGA,16.4833,19.9,16.4333,20.2333,20.7833,16.65,False,America/Chicago,America/New_York
5904,2018-03-26,DFW,LGA,17.35,20.95,17.2,20.9333,21.7333,17.7,False,America/Chicago,America/New_York
1170,2018-03-26,DFW,LGA,17.4333,20.9,17.4167,20.7,21.5333,17.6667,False,America/Chicago,America/New_York
1579,2018-03-26,DFW,LGA,18.4333,21.85,18.3833,22.4167,22.5333,18.5667,False,America/Chicago,America/New_York
6098,2018-03-26,DFW,LGA,19.0167,22.6833,19,22.3333,23.0667,19.2,False,America/Chicago,America/New_York
398,2018-03-26,DFW,LGA,19.4333,22.9833,19.3833,22.85,23.6,19.75,False,America/Chicago,America/New_York
6003,2018-03-26,DFW,LGA,20.0167,23.6667,19.9833,23.4167,24.2333,20.2833,False,America/Chicago,America/New_York
1996,2018-03-26,MSP,LGA,7.68333,10.6167,7.6,10.3833,11.2167,8,False,America/Chicago,America/New_York
4619,2018-03-26,MSP,LGA,8.01667,11.0167,7.86667,11.2833,12.1333,8.85,False,America/Chicago,America/New_York
2096,2018-03-26,MSP,LGA,9.85,12.75,9.8,12.4833,13.3167,10.2167,False,America/Chicago,America/New_York
4664,2018-03-26,MSP,LGA,10.4667,13.5,10.2833,13.1833,13.9833,10.7833,False,America/Chicago,America/New_York
1796,2018-03-26,MSP,LGA,10.85,13.7333,10.7667,13.3833,14.2,11.1167,False,America/Chicago,America/New_York
1784,2018-03-26,MSP,LGA,13.9333,16.7833,13.85,16.5167,17.3667,14.15,False,America/Chicago,America/New_York
120,2018-03-26,MSP,LGA,16.0333,18.9333,16.5667,19.2,20.0167,16.8333,False,America/Chicago,America/New_York
4432,2018-03-26,MSP,LGA,18.2833,21.15,20.8667,24.1,24.9,21.7167,False,America/Chicago,America/New_York
2296,2018-03-26,MSP,LGA,18.3667,21.1833,18.3833,21.2333,22,18.7,False,America/Chicago,America/New_York
1596,2018-03-26,MSP,LGA,20.7833,23.6667,20.7,23.2833,24.0667,20.9667,False,America/Chicago,America/New_York
5461,2018-03-26,CAE,LGA,6.85,8.91667,6.83333,8.66667,8.56667,7.03333,False,America/New_York,America/New_York
2395,2018-03-26,PBI,LGA,6.93333,9.88333,6.91667,9.65,9.51667,7.11667,False,America/New_York,America/New_York
62,2018-03-26,PBI,LGA,9.68333,12.4667,9.61667,12.4,12.35,9.9,False,America/New_York,America/New_York
1242,2018-03-26,PBI,LGA,11.95,14.9833,12.05,15.6,15.3667,12.55,False,America/New_York,America/New_York
362,2018-03-26,PBI,LGA,12.8167,15.7333,12.8833,15.8333,15.6167,13.2,False,America/New_York,America/New_York
1174,2018-03-26,PBI,LGA,14.2,17.1833,14.2333,17.0833,16.95,14.4167,False,America/New_York,America/New_York
4668,2018-03-26,PBI,LGA,15.2833,18.25,15.2167,18.4167,18.1667,15.4167,False,America/New_York,America/New_York
1902,2018-03-26,PBI,LGA,16.0667,19.1333,15.9333,19.1667,19,16.3167,False,America/New_York,America/New_York
1262,2018-03-26,PBI,LGA,19.0167,21.9167,19.0167,22.0833,22.0333,19.4,False,America/New_York,America/New_York
2022,2018-03-26,PBI,LGA,19.6833,22.6333,19.95,22.85,22.75,20.2167,False,America/New_York,America/New_York
3865,2018-03-26,BTV,LGA,6.93333,8.41667,6.75,8.4,8.23333,7.33333,False,America/New_York,America/New_York
3418,2018-03-26,BTV,LGA,12.35,13.7833,12.35,13.7833,13.6167,12.65,False,America/New_York,America/New_York
3772,2018-03-26,BTV,LGA,16.35,17.8667,16.8167,18.0333,17.95,17.2167,False,America/New_York,America/New_York
3508,2018-03-26,CVG,LGA,6.95,9.01667,6.86667,8.83333,8.65,7.08333,False,America/New_York,America/New_York
3777,2018-03-26,CVG,LGA,8.43333,10.4333,8.28333,10.35,10.2333,8.68333,False,America/New_York,America/New_York
3429,2018-03-26,CVG,LGA,8.95,10.9333,8.86667,11.0167,10.9167,9.3,False,America/New_York,America/New_York
5054,2018-03-26,CVG,LGA,11.6833,13.6667,11.6,13.2833,13.2,11.7833,False,America/New_York,America/New_York
3814,2018-03-26,CVG,LGA,13.3333,15.3,13.2,15.2167,14.95,13.4667,False,America/New_York,America/New_York
1158,2018-03-26,CVG,LGA,15.1,17.0833,14.9667,17.2833,17.1667,15.3,False,America/New_York,America/New_York
3847,2018-03-26,CVG,LGA,15.9333,17.9333,16.5,18.2833,18.1333,16.65,False,America/New_York,America/New_York
3671,2018-03-26,CVG,LGA,18.35,20.3667,18.2667,20.5833,20.4167,18.8667,False,America/New_York,America/New_York
5457,2018-03-26,CVG,LGA,19.9167,21.9,19.7833,21.5667,21.45,19.9833,False,America/New_York,America/New_York
3658,2018-03-26,JAX,LGA,7.01667,9.43333,6.86667,9.11667,8.98333,7.06667,False,America/New_York,America/New_York
3435,2018-03-26,JAX,LGA,11.5167,13.9333,11.4333,13.6333,13.5167,11.65,False,America/New_York,America/New_York
3998,2018-03-26,JAX,LGA,18.5167,20.95,18.6833,21.35,21.1833,19.0333,False,America/New_York,America/New_York
4689,2018-03-26,XNA,LGA,8.01667,11.0667,7.96667,10.9333,11.7667,8.2,False,America/Chicago,America/New_York
4388,2018-03-26,XNA,LGA,17.8833,20.8833,24.85,47.9333,24.85,24.85,True,America/Chicago,America/New_York
5584,2018-03-26,XNA,LGA,18.1,21.2333,18.6667,21.6833,22.4667,18.9833,False,America/Chicago,America/New_York
3547,2018-03-26,ILM,LGA,7.18333,8.96667,7.03333,8.71667,8.48333,7.21667,False,America/New_York,America/New_York
3343,2018-03-26,ILM,LGA,16.0333,17.8333,16.5,18.2,18.0333,16.6833,False,America/New_York,America/New_York
3664,2018-03-26,PWM,LGA,7.43333,8.98333,7.35,8.88333,8.66667,7.7,False,America/New_York,America/New_York
3907,2018-03-26,PWM,LGA,11.6833,13.2167,11.6667,12.8667,12.8,11.85,False,America/New_York,America/New_York
3304,2018-03-26,PWM,LGA,13.4333,14.9833,13.3333,14.6667,14.4667,13.5,False,America/New_York,America/New_York
3831,2018-03-26,PWM,LGA,17.1,18.7,18.25,19.9333,19.75,18.9,False,America/New_York,America/New_York
5097,2018-03-26,DAY,LGA,7.6,9.6,7.58333,9.28333,9.13333,7.71667,False,America/New_York,America/New_York
5070,2018-03-26,DAY,LGA,7.6,9.6,7.53333,9.33333,9.1,7.68333,False,America/New_York,America/New_York
3534,2018-03-26,DAY,LGA,10.6,12.4333,10.5167,12.3,12.1667,10.6833,False,America/New_York,America/New_York
5123,2018-03-26,DAY,LGA,15.9333,17.75,16.75,18.75,18.7167,17.1333,False,America/New_York,America/New_York
3830,2018-03-26,BGR,LGA,7.68333,9.43333,7.45,9.25,9.06667,7.88333,False,America/New_York,America/New_York
3430,2018-03-26,BGR,LGA,12.4667,14.1833,12.6,14.2167,14.0667,12.9167,False,America/New_York,America/New_York
5573,2018-03-26,BGR,LGA,16.4833,18.25,17.1,18.6,18.4833,17.5,False,America/New_York,America/New_York
3739,2018-03-26,DSM,LGA,8.78333,11.55,8.65,11.2333,12.0667,8.88333,False,America/Chicago,America/New_York
347,2018-03-26,DEN,LGA,9.93333,13.5833,9.9,13.15,15.1833,10.05,False,America/Denver,America/New_York
928,2018-03-26,DEN,LGA,12.2167,15.9333,12.2667,15.7667,17.7167,12.7,False,America/Denver,America/New_York
1712,2018-03-26,DEN,LGA,12.25,15.9333,12.9,15.9833,18,13.05,False,America/Denver,America/New_York
303,2018-03-26,DEN,LGA,12.25,15.9333,12.1333,15.4,17.4167,12.4167,False,America/Denver,America/New_York
556,2018-03-26,DEN,LGA,13.55,17.2167,13.4167,16.6333,18.65,13.6,False,America/Denver,America/New_York
596,2018-03-26,DEN,LGA,14.7,18.2833,14.7,18,20,14.95,False,America/Denver,America/New_York
2333,2018-03-26,DEN,LGA,18.25,21.9667,18.15,21.6333,23.5667,18.4833,False,America/Denver,America/New_York
406,2018-03-26,DEN,LGA,18.3167,21.9333,18.25,21.8,23.7667,18.65,False,America/Denver,America/New_York
1858,2018-03-26,DEN,LGA,19.7167,23.3667,19.6833,23.0333,25.0167,19.9667,False,America/Denver,America/New_York
1708,2018-03-26,DEN,LGA,19.75,23.35,20.25,23.4333,25.45,20.45,False,America/Denver,America/New_York
6255,2018-03-26,IAD,LGA,8.18333,9.5,8.45,10.25,9.88333,8.96667,False,America/New_York,America/New_York
6055,2018-03-26,IAD,LGA,12.6,13.9333,12.5,14.6833,14.6333,13.3667,False,America/New_York,America/New_York
6334,2018-03-26,IAD,LGA,17.1833,18.6333,17.2167,19.25,19.0833,18.25,False,America/New_York,America/New_York
6337,2018-03-26,IAD,LGA,22.0167,23.45,21.9167,23.2333,23.1667,22.4167,False,America/New_York,America/New_York
2140,2018-03-26,RSW,LGA,8.21667,11.25,8.15,10.85,10.7833,8.31667,False,America/New_York,America/New_York
2898,2018-03-26,RSW,LGA,12.0833,15.15,11.9667,15.1,14.9833,12.2,False,America/New_York,America/New_York
2947,2018-03-26,RSW,LGA,15.7333,18.9333,17.7667,20.8333,20.6667,17.9333,False,America/New_York,America/New_York
1169,2018-03-26,RSW,LGA,18.85,21.9167,22,24.8167,24.75,22.2,False,America/New_York,America/New_York
3410,2018-03-26,TYS,LGA,8.26667,10.35,8.21667,10.1333,9.98333,8.36667,False,America/New_York,America/New_York
3877,2018-03-26,TYS,LGA,17.85,19.95,18.1833,20.3333,20.05,18.4333,False,America/New_York,America/New_York
3040,2018-03-26,HOU,LGA,9.76667,13.35,9.76667,13.1333,13.8833,9.91667,False,America/Chicago,America/New_York
379,2018-03-26,HOU,LGA,13.0167,16.5167,12.9833,16.2667,17.0667,13.1,False,America/Chicago,America/New_York
5873,2018-03-26,HOU,LGA,19.85,23.2667,19.9333,23.1667,24.0167,20.05,False,America/Chicago,America/New_York
300,2018-03-26,MYR,LGA,9.85,11.6833,9.7,11.5333,11.3667,9.88333,False,America/New_York,America/New_York
922,2018-03-26,MYR,LGA,13.9333,15.8,13.8333,15.65,15.4167,13.9833,False,America/New_York,America/New_York
3682,2018-03-26,ROA,LGA,11.8167,13.4333,11.7667,13.5667,13.3667,12.2,False,America/New_York,America/New_York
2247,2018-03-26,SRQ,LGA,14.95,17.8833,14.9833,17.9333,17.8167,15.2833,False,America/New_York,America/New_York
2074,2018-03-26,PHL,LGA,18.0167,19.35,17.9167,19.4333,19.3,18.8167,False,America/New_York,America/New_York
761,2018-03-26,LGA,ORD,5.68333,8.05,5.71667,8.08333,6.93333,6,False,America/New_York,America/Chicago
5959,2018-03-26,LGA,ORD,6.18333,8.8,6.13333,8.58333,7.46667,6.48333,False,America/New_York,America/Chicago
304,2018-03-26,LGA,ORD,6.43333,9.08333,6.33333,8.96667,7.5,6.58333,False,America/New_York,America/Chicago
628,2018-03-26,LGA,ORD,6.93333,9.5,6.73333,9.16667,8.01667,7.01667,False,America/New_York,America/Chicago
5961,2018-03-26,LGA,ORD,7.18333,9.81667,7.11667,9.7,8.55,7.61667,False,America/New_York,America/Chicago
2587,2018-03-26,LGA,ORD,7.43333,10.2,8.11667,10.7667,9.6,8.66667,False,America/New_York,America/Chicago
463,2018-03-26,LGA,ORD,7.93333,10.6,7.81667,10.1667,8.96667,8.08333,False,America/New_York,America/Chicago
5963,2018-03-26,LGA,ORD,8.18333,10.85,8.1,10.6,9.45,8.53333,False,America/New_York,America/Chicago
356,2018-03-26,LGA,ORD,8.43333,11.2833,8.38333,11,9.83333,8.91667,False,America/New_York,America/Chicago
847,2018-03-26,LGA,ORD,8.46667,11.0667,9.08333,11.7167,10.55,9.73333,False,America/New_York,America/Chicago
519,2018-03-26,LGA,ORD,8.93333,11.5333,8.75,11.5167,10.3,9.36667,False,America/New_York,America/Chicago
5965,2018-03-26,LGA,ORD,9.18333,11.85,9.13333,11.9333,10.8167,9.81667,False,America/New_York,America/Chicago
373,2018-03-26,LGA,ORD,9.43333,12.2833,9.31667,12.2667,11.0667,10.1167,False,America/New_York,America/Chicago
1953,2018-03-26,LGA,ORD,9.93333,12.5667,9.8,12.6333,11.5167,10.6167,False,America/New_York,America/Chicago
5967,2018-03-26,LGA,ORD,10.1833,12.85,10.3667,13.2167,12.05,11.0333,False,America/New_York,America/Chicago
328,2018-03-26,LGA,ORD,10.4333,13.2333,10.35,13.4,12.1333,11.1,False,America/New_York,America/Chicago
1697,2018-03-26,LGA,ORD,10.9333,13.6,10.85,13.5167,12.4333,11.5,False,America/New_York,America/Chicago
5969,2018-03-26,LGA,ORD,11.1833,13.8,11.0167,13.7667,12.6333,11.6833,False,America/New_York,America/Chicago
337,2018-03-26,LGA,ORD,11.4333,14.2333,11.3333,14.2,13,11.9833,False,America/New_York,America/Chicago
2202,2018-03-26,LGA,ORD,11.9333,14.5167,11.8,14.4167,13.3167,12.2833,False,America/New_York,America/Chicago
5971,2018-03-26,LGA,ORD,12.1833,14.7167,12.0167,14.8167,13.6667,12.7,False,America/New_York,America/Chicago
390,2018-03-26,LGA,ORD,12.4333,15.1667,12.3333,14.8667,13.7333,12.75,False,America/New_York,America/Chicago
1478,2018-03-26,LGA,ORD,12.9333,15.4833,12.7333,15.2667,14.1667,13.2,False,America/New_York,America/Chicago
5973,2018-03-26,LGA,ORD,13.1833,15.7,13.0833,15.8333,14.7,13.7167,False,America/New_York,America/Chicago
332,2018-03-26,LGA,ORD,13.4333,16.05,13.2667,16.1667,15.0167,13.9833,False,America/New_York,America/Chicago
3481,2018-03-26,LGA,ORD,13.9333,16.5667,13.8167,16.8333,15.7,14.7,False,America/New_York,America/Chicago
5975,2018-03-26,LGA,ORD,14.1833,16.7833,14.2,17.25,16.0667,15.0333,False,America/New_York,America/Chicago
303,2018-03-26,LGA,ORD,14.4333,17.1167,15.3833,18.05,16.8833,15.9833,False,America/New_York,America/Chicago
5716,2018-03-26,LGA,ORD,14.9333,17.4833,15.5167,18.35,17.2167,16.2667,False,America/New_York,America/Chicago
5977,2018-03-26,LGA,ORD,15.1833,17.7667,15.2333,18.2833,17.1167,16.0667,False,America/New_York,America/Chicago
5915,2018-03-26,LGA,ORD,15.9333,18.6833,15.85,18.9167,17.7,16.6167,False,America/New_York,America/Chicago
5979,2018-03-26,LGA,ORD,16.1833,18.7,17.5667,20.4,19.2333,18,False,America/New_York,America/Chicago
5854,2018-03-26,LGA,ORD,16.4333,19.1,17.05,20.15,19.0167,17.85,False,America/New_York,America/Chicago
343,2018-03-26,LGA,ORD,16.4333,19.2167,16.2833,19.0167,17.7833,16.8167,False,America/New_York,America/Chicago
2010,2018-03-26,LGA,ORD,16.9333,19.6167,16.85,19.4833,18.3667,17.2667,False,America/New_York,America/Chicago
5981,2018-03-26,LGA,ORD,17.1833,19.7333,17.1833,20,18.8333,17.6833,False,America/New_York,America/Chicago
345,2018-03-26,LGA,ORD,17.4333,20.2167,17.3,20.3667,19.1667,17.9333,False,America/New_York,America/Chicago
1709,2018-03-26,LGA,ORD,18.0167,20.7667,17.9167,20.5833,19.3833,18.25,False,America/New_York,America/Chicago
5983,2018-03-26,LGA,ORD,18.1833,20.8167,18.1,20.8333,19.6,18.5333,False,America/New_York,America/Chicago
361,2018-03-26,LGA,ORD,18.4333,21.2,18.5333,21.5833,19.8167,18.8,False,America/New_York,America/Chicago
693,2018-03-26,LGA,ORD,19.1,21.8333,19.35,21.7833,20.6833,19.7,False,America/New_York,America/Chicago
5985,2018-03-26,LGA,ORD,19.1833,21.8167,19.1,21.5667,20.4,19.3833,False,America/New_York,America/Chicago
359,2018-03-26,LGA,ORD,19.4333,22.15,19.3333,21.9167,20.7333,19.7667,False,America/New_York,America/Chicago
556,2018-03-26,LGA,ORD,20.0167,22.75,19.9167,22.3667,21.3167,20.2,False,America/New_York,America/Chicago
371,2018-03-26,LGA,ORD,20.4333,23.1333,20.4,23.0167,21.9,20.8667,False,America/New_York,America/Chicago
3705,2018-03-26,LGA,ORD,21.0167,23.7167,20.8333,23.25,22.2,21.1667,False,America/New_York,America/Chicago
321,2018-03-26,LGA,ORD,21.4167,24.1333,22.7167,25.0333,23.8167,22.8833,False,America/New_York,America/Chicago
331,2018-03-26,LGA,ORD,21.9167,24.3333,24.4333,26.8667,25.7,24.65,False,America/New_York,America/Chicago
747,2018-03-26,LGA,DAL,5.93333,9.85,5.9,9.3,8.33333,6.08333,False,America/New_York,America/Chicago
3321,2018-03-26,LGA,DAL,6.43333,10.6,6.23333,10.1333,9.13333,6.9,False,America/New_York,America/Chicago
5573,2018-03-26,LGA,DAL,10.4333,14.6833,10.5333,14.3833,13.4,11.1833,False,America/New_York,America/Chicago
3323,2018-03-26,LGA,DAL,11.3833,15.55,12.55,16.35,15.35,12.9833,False,America/New_York,America/Chicago
1471,2018-03-26,LGA,DAL,15.35,19.35,16.0167,19.7667,18.8,16.65,False,America/New_York,America/Chicago
3325,2018-03-26,LGA,DAL,15.6667,19.8333,15.6333,20.0333,18.45,16.3,False,America/New_York,America/Chicago
3327,2018-03-26,LGA,DAL,18.1833,22.35,18.0167,21.8667,20.8833,18.4167,False,America/New_York,America/Chicago
798,2018-03-26,LGA,DAL,19.35,23.35,19.3333,22.85,21.8833,19.6167,False,America/New_York,America/Chicago
1273,2018-03-26,LGA,MDW,5.93333,8.35,5.9,7.93333,6.86667,6.1,False,America/New_York,America/Chicago
1282,2018-03-26,LGA,MDW,9.76667,12.4333,9.73333,12.35,11.3833,10.4167,False,America/New_York,America/Chicago
1275,2018-03-26,LGA,MDW,12.0167,14.6,11.9833,14.6667,13.6833,12.8333,False,America/New_York,America/Chicago
1870,2018-03-26,LGA,MDW,16.0167,18.6,15.95,18.2667,17.3,16.4167,False,America/New_York,America/Chicago
1277,2018-03-26,LGA,MDW,18.7667,21.35,19.25,21.45,20.4667,19.4667,False,America/New_York,America/Chicago
968,2018-03-26,LGA,MDW,20.85,23.5167,21.35,23.6333,22.6,21.6333,False,America/New_York,America/Chicago
6052,2018-03-26,LGA,IAD,5.93333,7.33333,5.85,6.83333,6.78333,6.03333,False,America/New_York,America/New_York
6260,2018-03-26,LGA,IAD,10.2667,11.6667,10.6833,12.1833,12.1333,11.3667,False,America/New_York,America/New_York
6053,2018-03-26,LGA,IAD,14.5333,15.9333,15.1167,16.5667,16.5167,15.8167,False,America/New_York,America/New_York
6261,2018-03-26,LGA,IAD,19.35,20.75,19.6333,20.6167,20.5333,19.8167,False,America/New_York,America/New_York
4499,2018-03-26,LGA,CMH,5.93333,7.85,5.7,7.36667,7.26667,5.93333,False,America/New_York,America/New_York
5893,2018-03-26,LGA,CMH,8.6,10.8,8.8,10.85,10.7667,9.51667,False,America/New_York,America/New_York
3772,2018-03-26,LGA,CMH,9.43333,11.6333,9.26667,11.25,11.1667,9.86667,False,America/New_York,America/New_York
3423,2018-03-26,LGA,CMH,11.0167,13.2,11.3333,13.3667,13.2667,11.9167,False,America/New_York,America/New_York
6016,2018-03-26,LGA,CMH,11.0167,13,10.85,12.8833,12.8333,11.55,False,America/New_York,America/New_York
5877,2018-03-26,LGA,CMH,13.0167,15.05,12.95,14.75,14.7,13.4,False,America/New_York,America/New_York
3774,2018-03-26,LGA,CMH,14.0167,16,13.8167,15.85,15.7833,14.5,False,America/New_York,America/New_York
3382,2018-03-26,LGA,CMH,15.6667,17.6,15.5333,17.5333,17.4833,16.2167,False,America/New_York,America/New_York
3574,2018-03-26,LGA,CMH,17.9167,19.9667,17.8167,19.4167,19.3667,18.1167,False,America/New_York,America/New_York
6124,2018-03-26,LGA,CMH,18.1667,20.2833,19.5833,21.4,21.35,20.0167,False,America/New_York,America/New_York
5879,2018-03-26,LGA,CMH,20.4333,22.3167,20.6667,22.35,22.2833,21.05,False,America/New_York,America/New_York
4464,2018-03-26,LGA,CMH,21.0333,22.95,20.8667,22.55,22.45,21.2167,False,America/New_York,America/New_York
6046,2018-03-26,LGA,BOS,5.93333,7.1,5.91667,7.01667,6.76667,6.11667,False,America/New_York,America/New_York
2117,2018-03-26,LGA,BOS,5.93333,7.1,5.8,6.9,6.7,6.05,False,America/New_York,America/New_York
1432,2018-03-26,LGA,BOS,6.43333,7.63333,6.41667,7.46667,7.38333,6.71667,False,America/New_York,America/New_York
6048,2018-03-26,LGA,BOS,6.93333,8.21667,6.83333,8.01667,7.8,7.11667,False,America/New_York,America/New_York
2152,2018-03-26,LGA,BOS,6.93333,7.98333,6.83333,8.05,7.9,7.26667,False,America/New_York,America/New_York
6050,2018-03-26,LGA,BOS,7.91667,9.33333,7.91667,9.31667,9.15,8.51667,False,America/New_York,America/New_York
2133,2018-03-26,LGA,BOS,7.93333,9.13333,7.88333,9.13333,9,8.21667,False,America/New_York,America/New_York
2666,2018-03-26,LGA,BOS,8.91667,10.3333,8.86667,10.35,10.2333,9.53333,False,America/New_York,America/New_York
2144,2018-03-26,LGA,BOS,8.93333,10.3,8.81667,10.3,10.1833,9.46667,False,America/New_York,America/New_York
632,2018-03-26,LGA,BOS,9.43333,10.9667,9.3,10.6833,10.5333,9.9,False,America/New_York,America/New_York
6054,2018-03-26,LGA,BOS,9.91667,11.4167,10.1333,11.7667,11.6,10.9333,False,America/New_York,America/New_York
2121,2018-03-26,LGA,BOS,9.93333,11.3167,9.83333,11.2833,11.15,10.5167,False,America/New_York,America/New_York
732,2018-03-26,LGA,BOS,10.6833,12.1333,10.5833,12.0667,11.9833,11.3167,False,America/New_York,America/New_York
6056,2018-03-26,LGA,BOS,10.9167,12.4,10.8,12.4,12.1833,11.5667,False,America/New_York,America/New_York
2128,2018-03-26,LGA,BOS,10.9333,12.3167,10.9,12.4,12.2667,11.6333,False,America/New_York,America/New_York
6058,2018-03-26,LGA,BOS,11.9333,13.4333,11.8667,13.2333,13.0667,12.4167,False,America/New_York,America/New_York
2135,2018-03-26,LGA,BOS,11.9333,13.35,11.8333,13.0833,12.85,12.2,False,America/New_York,America/New_York
2118,2018-03-26,LGA,BOS,12.9333,14.3,12.85,14.1333,14,13.3,False,America/New_York,America/New_York
2668,2018-03-26,LGA,BOS,12.9333,14.4333,12.85,14.0667,13.9167,13.2333,False,America/New_York,America/New_York
832,2018-03-26,LGA,BOS,13.5667,14.9167,13.45,14.9833,14.9,14.25,False,America/New_York,America/New_York
6062,2018-03-26,LGA,BOS,13.9167,15.2667,14.0167,15.6167,15.4667,14.8333,False,America/New_York,America/New_York
2123,2018-03-26,LGA,BOS,13.9333,15.15,13.8167,15.45,15.35,14.7333,False,America/New_York,America/New_York
6064,2018-03-26,LGA,BOS,14.9167,16.25,15.5833,17.1333,16.8167,16.1667,False,America/New_York,America/New_York
2122,2018-03-26,LGA,BOS,14.9333,16.2,14.8333,16.2833,16.2,15.5167,False,America/New_York,America/New_York
6066,2018-03-26,LGA,BOS,15.9333,17.4167,15.8667,17.3833,17.0833,16.45,False,America/New_York,America/New_York
2145,2018-03-26,LGA,BOS,15.9333,17.3,15.95,17.3,17.15,16.4833,False,America/New_York,America/New_York
6068,2018-03-26,LGA,BOS,16.9333,18.3833,17.0333,18.5167,18.35,17.6167,False,America/New_York,America/New_York
2115,2018-03-26,LGA,BOS,16.9333,18.35,16.95,18.35,18.3,17.5167,False,America/New_York,America/New_York
1232,2018-03-26,LGA,BOS,17.4333,18.8333,17.3,18.5667,18.5,17.8333,False,America/New_York,America/New_York
2137,2018-03-26,LGA,BOS,17.9333,19.3667,18.2167,19.3333,19.25,18.5667,False,America/New_York,America/New_York
2670,2018-03-26,LGA,BOS,17.9333,19.35,18.1333,19.3,19.1833,18.5,False,America/New_York,America/New_York
2146,2018-03-26,LGA,BOS,18.9333,20.3,19.1667,20.2167,20.1,19.5167,False,America/New_York,America/New_York
2604,2018-03-26,LGA,BOS,18.9333,20.4833,18.8667,19.8667,19.7167,19.1167,False,America/New_York,America/New_York
1332,2018-03-26,LGA,BOS,19.4333,20.8167,19.3,20.3333,20.2333,19.6,False,America/New_York,America/New_York
6074,2018-03-26,LGA,BOS,19.9167,21.4167,19.8167,21.0333,20.8667,20.25,False,America/New_York,America/New_York
2151,2018-03-26,LGA,BOS,19.9333,21.3167,20.1167,21.2833,21.1667,20.5667,False,America/New_York,America/New_York
2672,2018-03-26,LGA,BOS,20.9333,22.2667,20.8667,21.9667,21.8167,21.2,False,America/New_York,America/New_York
2674,2018-03-26,LGA,BOS,21.9167,23.2333,21.8333,22.85,22.7167,22.0667,False,America/New_York,America/New_York
6131,2018-03-26,LGA,DCA,5.93333,7.16667,5.9,6.96667,6.78333,6.13333,False,America/New_York,America/New_York
4750,2018-03-26,LGA,DCA,5.93333,7.33333,5.78333,6.71667,6.63333,5.98333,False,America/New_York,America/New_York
6133,2018-03-26,LGA,DCA,6.93333,8.23333,6.85,8.16667,7.88333,7.23333,False,America/New_York,America/New_York
4764,2018-03-26,LGA,DCA,6.93333,8.35,6.78333,8.03333,7.81667,7.15,False,America/New_York,America/New_York
6135,2018-03-26,LGA,DCA,7.91667,9.33333,7.85,9.16667,9.06667,8.28333,False,America/New_York,America/New_York
4754,2018-03-26,LGA,DCA,7.93333,9.5,7.71667,8.78333,8.65,7.98333,False,America/New_York,America/New_York
6137,2018-03-26,LGA,DCA,8.93333,10.4333,8.88333,10.8,10.7,9.93333,False,America/New_York,America/New_York
4757,2018-03-26,LGA,DCA,8.93333,10.5,8.76667,10.35,10.2833,9.58333,False,America/New_York,America/New_York
6139,2018-03-26,LGA,DCA,9.93333,11.4333,9.86667,11.6,11.5667,10.5833,False,America/New_York,America/New_York
4751,2018-03-26,LGA,DCA,9.93333,11.4167,9.75,11.2833,11.2333,10.4833,False,America/New_York,America/New_York
6156,2018-03-26,LGA,DCA,11.9333,13.3667,11.8667,13.2,13.1333,12.4667,False,America/New_York,America/New_York
4753,2018-03-26,LGA,DCA,11.9333,13.4167,11.7833,13.1667,13.0833,12.3667,False,America/New_York,America/New_York
4759,2018-03-26,LGA,DCA,12.9333,14.4,12.8667,14.5,14.3333,13.6,False,America/New_York,America/New_York
6143,2018-03-26,LGA,DCA,13.9167,15.25,14.1833,15.8167,15.75,15,False,America/New_York,America/New_York
6145,2018-03-26,LGA,DCA,14.9333,16.3,15.1167,16.8,16.7167,15.8333,False,America/New_York,America/New_York
4761,2018-03-26,LGA,DCA,14.9333,16.4333,15.0667,16.6167,16.5167,15.8,False,America/New_York,America/New_York
6147,2018-03-26,LGA,DCA,15.9333,17.4167,16.5167,17.7667,17.7,17.0167,False,America/New_York,America/New_York
4755,2018-03-26,LGA,DCA,15.9333,17.4333,16.25,17.65,17.5667,16.8667,False,America/New_York,America/New_York
6149,2018-03-26,LGA,DCA,16.9333,18.3,18.3667,19.5833,19.5,18.7667,False,America/New_York,America/New_York
4760,2018-03-26,LGA,DCA,16.9333,18.4333,18.45,19.6167,19.4333,18.7333,False,America/New_York,America/New_York
6151,2018-03-26,LGA,DCA,17.9333,19.4,18.9333,20.1,20.0167,19.2667,False,America/New_York,America/New_York
4762,2018-03-26,LGA,DCA,17.9333,19.5833,19.15,20.4667,20.25,19.5333,False,America/New_York,America/New_York
6153,2018-03-26,LGA,DCA,18.9333,20.4333,20.0333,21.4167,21.3667,20.5333,False,America/New_York,America/New_York
4767,2018-03-26,LGA,DCA,18.9333,20.5333,18.9167,20.25,19.8833,19.15,False,America/New_York,America/New_York
4752,2018-03-26,LGA,DCA,19.9333,21.4333,19.9833,21.3833,21.2667,20.4667,False,America/New_York,America/New_York
1556,2018-03-26,LGA,DFW,5.93333,10.05,6.01667,9.7,8.56667,6.31667,False,America/New_York,America/Chicago
6013,2018-03-26,LGA,DFW,6.01667,10.2333,5.93333,9.78333,8.76667,6.4,False,America/New_York,America/Chicago
1210,2018-03-26,LGA,DFW,6.76667,10.9,6.78333,10.4667,9.36667,7.06667,False,America/New_York,America/Chicago
149,2018-03-26,LGA,DFW,7.43333,11.6667,7.31667,11.15,10.0167,7.78333,False,America/New_York,America/Chicago
1114,2018-03-26,LGA,DFW,7.76667,11.9333,7.71667,11.15,10.1167,7.95,False,America/New_York,America/Chicago
1114,2018-03-26,LGA,DFW,8.43333,12.75,8.35,12.3167,11.2,8.95,False,America/New_York,America/Chicago
6103,2018-03-26,LGA,DFW,9.26667,13.6833,9.18333,13.3,12.2667,9.91667,False,America/New_York,America/Chicago
1131,2018-03-26,LGA,DFW,10.4333,14.7333,10.4333,14.7667,13.55,11.2333,False,America/New_York,America/Chicago
6092,2018-03-26,LGA,DFW,12.2667,16.3333,12.2167,16.1333,15.0333,12.7333,False,America/New_York,America/Chicago
1141,2018-03-26,LGA,DFW,12.9167,17.1,12.8167,16.6667,15.5333,13.2833,False,America/New_York,America/Chicago
917,2018-03-26,LGA,DFW,13.4333,17.5167,13.3333,17.2167,16.1833,14.0833,False,America/New_York,America/Chicago
1112,2018-03-26,LGA,DFW,14.5833,18.7833,14.4667,18.4167,17.2,15.0167,False,America/New_York,America/Chicago
6120,2018-03-26,LGA,DFW,15.1833,19.2833,15.1667,19.1333,18.1167,15.8833,False,America/New_York,America/Chicago
2238,2018-03-26,LGA,DFW,15.9167,20.25,15.9667,19.9167,18.8167,16.5667,False,America/New_York,America/Chicago
2525,2018-03-26,LGA,DFW,16.9167,21.1333,16.85,20.4167,19.4,17.3,False,America/New_York,America/Chicago
5909,2018-03-26,LGA,DFW,17.4167,21.7,17.75,21.7,20.6333,18.15,False,America/New_York,America/Chicago
1140,2018-03-26,LGA,DFW,17.9167,22.15,17.8667,21.45,20.4,18.2333,False,America/New_York,America/Chicago
6017,2018-03-26,LGA,DFW,19.85,23.9667,19.8,23.3833,22.3833,20.2167,False,America/New_York,America/Chicago
2263,2018-03-26,LGA,DFW,19.9167,24.1333,19.95,23.45,22.45,20.2667,False,America/New_York,America/Chicago
964,2018-03-26,LGA,DTW,5.93333,8.45,5.88333,8.25,7.48333,6.15,False,America/New_York,America/Detroit
3719,2018-03-26,LGA,DTW,6.43333,9.21667,6.31667,8.7,7.91667,6.51667,False,America/New_York,America/Detroit
2983,2018-03-26,LGA,DTW,7.1,9.86667,7.06667,9.51667,8.75,7.41667,False,America/New_York,America/Detroit
4548,2018-03-26,LGA,DTW,8.45,11.2833,8.38333,11.0333,10.2,8.83333,False,America/New_York,America/Detroit
955,2018-03-26,LGA,DTW,9.18333,12.0333,9.18333,11.95,11.2833,10.0333,False,America/New_York,America/Detroit
475,2018-03-26,LGA,DTW,9.68333,12.4,9.68333,12.45,11.7167,10.4667,False,America/New_York,America/Detroit
2148,2018-03-26,LGA,DTW,10.6333,13.7,10.5167,13.0833,12.4,11.15,False,America/New_York,America/Detroit
3677,2018-03-26,LGA,DTW,11.4333,14.2,11.3667,14.0333,13.2667,11.8833,False,America/New_York,America/Detroit
583,2018-03-26,LGA,DTW,12.6,15.3833,12.55,15.0333,14.3333,13.0333,False,America/New_York,America/Detroit
4078,2018-03-26,LGA,DTW,13.0167,15.7,12.8167,15.3667,14.6,13.3333,False,America/New_York,America/Detroit
2835,2018-03-26,LGA,DTW,14.6667,17.2333,14.6167,17.3167,16.6333,15.3,False,America/New_York,America/Detroit
3443,2018-03-26,LGA,DTW,15.85,18.6667,15.8167,18.6,17.85,16.5,False,America/New_York,America/Detroit
922,2018-03-26,LGA,DTW,16.6667,19.35,16.6167,19.1,18.3333,17.0667,False,America/New_York,America/Detroit
2807,2018-03-26,LGA,DTW,16.85,19.7333,16.7333,19.0667,18.4,17.1333,False,America/New_York,America/Detroit
2131,2018-03-26,LGA,DTW,18.8333,21.7333,18.9667,21.3333,20.55,19.1833,False,America/New_York,America/Detroit
874,2018-03-26,LGA,DTW,20.2667,23.15,20.25,22.95,22.2333,20.95,False,America/New_York,America/Detroit
4637,2018-03-26,LGA,DTW,20.4167,23.2333,20.3,23.1167,22.3667,21.0333,False,America/New_York,America/Detroit
1447,2018-03-26,LGA,ATL,5.93333,8.51667,6,8.35,8.21667,6.35,False,America/New_York,America/New_York
225,2018-03-26,LGA,ATL,6.26667,8.85,6.21667,8.53333,8.4,6.5,False,America/New_York,America/New_York
4744,2018-03-26,LGA,ATL,6.26667,8.9,6.13333,8.43333,8.3,6.43333,False,America/New_York,America/New_York
904,2018-03-26,LGA,ATL,6.93333,9.61667,6.9,9.18333,9.05,7.2,False,America/New_York,America/New_York
1842,2018-03-26,LGA,ATL,7.91667,10.5833,7.86667,10.25,10.1333,8.25,False,America/New_York,America/New_York
1903,2018-03-26,LGA,ATL,8.91667,11.65,8.83333,11.5,11.3667,9.5,False,America/New_York,America/New_York
4591,2018-03-26,LGA,ATL,9.6,12.3333,9.56667,12.1333,12.0167,10.1833,False,America/New_York,America/New_York
1872,2018-03-26,LGA,ATL,9.93333,12.7667,9.88333,12.7167,12.6167,10.75,False,America/New_York,America/New_York
1539,2018-03-26,LGA,ATL,9.93333,12.7333,9.91667,12.6,12.4833,10.6667,False,America/New_York,America/New_York
2057,2018-03-26,LGA,ATL,10.9333,13.85,10.9,13.5833,13.4833,11.6,False,America/New_York,America/New_York
4658,2018-03-26,LGA,ATL,11.9167,14.7167,11.8667,14.5667,14.4167,12.5333,False,America/New_York,America/New_York
2515,2018-03-26,LGA,ATL,11.9333,14.8,11.85,14.6,14.5,12.6333,False,America/New_York,America/New_York
1914,2018-03-26,LGA,ATL,12.9333,15.5667,12.8167,15.3833,15.25,13.3667,False,America/New_York,America/New_York
1877,2018-03-26,LGA,ATL,13.9167,16.4333,13.7833,16.3833,16.3,14.5667,False,America/New_York,America/New_York
5598,2018-03-26,LGA,ATL,13.9333,16.5167,13.9333,16.75,16.6167,14.7667,False,America/New_York,America/New_York
1678,2018-03-26,LGA,ATL,14.1667,16.6833,14.0667,16.9167,16.85,14.95,False,America/New_York,America/New_York
1992,2018-03-26,LGA,ATL,14.9333,17.4833,14.9,17.45,17.3333,15.55,False,America/New_York,America/New_York
2299,2018-03-26,LGA,ATL,15.9167,18.5833,15.8167,18.3167,18.2,16.3667,False,America/New_York,America/New_York
6233,2018-03-26,LGA,ATL,16.35,19.0167,16.45,18.8833,18.7833,16.9333,False,America/New_York,America/New_York
4442,2018-03-26,LGA,ATL,16.9,19.6833,17.0167,19.7333,19.55,17.6,False,America/New_York,America/New_York
1272,2018-03-26,LGA,ATL,16.9333,19.6333,16.9,19.3333,19.2,17.35,False,America/New_York,America/New_York
2937,2018-03-26,LGA,ATL,17.4333,20.2333,17.2667,19.7333,19.6167,17.8,False,America/New_York,America/New_York
1465,2018-03-26,LGA,ATL,17.9167,20.8167,18.2167,20.6667,20.4667,18.6333,False,America/New_York,America/New_York
1832,2018-03-26,LGA,ATL,17.9333,20.8667,17.9167,20.3667,20.1167,18.3333,False,America/New_York,America/New_York
926,2018-03-26,LGA,ATL,18.9167,21.55,19.25,21.5,21.35,19.5,False,America/New_York,America/New_York
675,2018-03-26,LGA,ATL,19.9333,22.7667,19.8333,22.4,22.2167,20.4167,False,America/New_York,America/New_York
1687,2018-03-26,LGA,ATL,20.2,22.7667,20.2167,22.8833,22.6333,20.75,False,America/New_York,America/New_York
5416,2018-03-26,LGA,ATL,20.4333,23.1,20.4667,23.0167,22.8167,21.0167,False,America/New_York,America/New_York
1989,2018-03-26,LGA,ATL,20.9333,23.7167,21.7833,23.95,23.8,22.05,False,America/New_York,America/New_York
371,2018-03-26,LGA,FLL,5.93333,8.91667,6,8.56667,8.5,6.28333,False,America/New_York,America/New_York
705,2018-03-26,LGA,FLL,6.43333,9.53333,6.4,9.11667,8.88333,6.68333,False,America/New_York,America/New_York
1879,2018-03-26,LGA,FLL,7.01667,10.3167,7.01667,10.0833,10.0167,7.75,False,America/New_York,America/New_York
1801,2018-03-26,LGA,FLL,9.1,12.5667,9.01667,12.0833,11.9333,9.71667,False,America/New_York,America/New_York
971,2018-03-26,LGA,FLL,9.68333,13.15,9.66667,12.55,12.45,10.2,False,America/New_York,America/New_York
1131,2018-03-26,LGA,FLL,11.6833,14.9333,11.6167,14.35,14.3,12.1333,False,America/New_York,America/New_York
197,2018-03-26,LGA,FLL,12.4333,15.6333,12.3833,15.25,15.15,12.9,False,America/New_York,America/New_York
1171,2018-03-26,LGA,FLL,14.6167,17.9667,15.65,18.5,18.3667,16.15,False,America/New_York,America/New_York
2064,2018-03-26,LGA,FLL,15.0167,18.35,14.9833,18,17.9,15.65,False,America/New_York,America/New_York
171,2018-03-26,LGA,FLL,15.4333,18.6667,15.35,18.5833,18.3167,16.05,False,America/New_York,America/New_York
2056,2018-03-26,LGA,FLL,17.6,20.7833,17.55,20.25,20.1833,17.95,False,America/New_York,America/New_York
1271,2018-03-26,LGA,FLL,19.5,22.7167,19.7833,22.2667,22.1833,20.0333,False,America/New_York,America/New_York
1702,2018-03-26,LGA,FLL,19.6833,23.05,20.1167,22.85,22.8167,20.6333,False,America/New_York,America/New_York
779,2018-03-26,LGA,FLL,20.35,23.5333,20.85,23.4667,23.3667,21.25,False,America/New_York,America/New_York
1371,2018-03-26,LGA,FLL,21.7667,24.7333,23.7333,26.05,26,23.9167,False,America/New_York,America/New_York
657,2018-03-26,LGA,IAH,5.93333,9.8,5.91667,9.43333,8.46667,6.25,False,America/New_York,America/Chicago
6106,2018-03-26,LGA,IAH,6.1,10.25,5.91667,9.65,8.63333,6.26667,False,America/New_York,America/Chicago
2098,2018-03-26,LGA,IAH,7.93333,12,7.9,11.9,10.8167,8.33333,False,America/New_York,America/Chicago
5997,2018-03-26,LGA,IAH,8.48333,12.7667,8.66667,12.7167,11.7167,9.3,False,America/New_York,America/Chicago
1973,2018-03-26,LGA,IAH,10.0167,14.35,9.86667,14.4,13.3833,10.8333,False,America/New_York,America/Chicago
6118,2018-03-26,LGA,IAH,10.2667,14.4,10.4167,14.55,13.4667,11.0833,False,America/New_York,America/Chicago
2018,2018-03-26,LGA,IAH,12.1333,16.2833,12.0833,16.3833,15.2833,12.8167,False,America/New_York,America/Chicago
6112,2018-03-26,LGA,IAH,12.5667,16.85,12.4167,16.35,15.2833,12.9333,False,America/New_York,America/Chicago
2078,2018-03-26,LGA,IAH,13.9167,17.9667,13.8,18.1833,17.0667,14.75,False,America/New_York,America/Chicago
6121,2018-03-26,LGA,IAH,15.0833,19.3167,15.0167,19.2333,17.95,15.75,False,America/New_York,America/Chicago
833,2018-03-26,LGA,IAH,15.7667,19.8,15.6833,19.6667,18.6,16.25,False,America/New_York,America/Chicago
2261,2018-03-26,LGA,IAH,17.0167,21.1833,17.0333,20.6333,19.6667,17.5,False,America/New_York,America/Chicago
1926,2018-03-26,LGA,IAH,18.2667,22.4333,18.2,21.9167,20.9167,18.55,False,America/New_York,America/Chicago
6091,2018-03-26,LGA,IAH,18.35,22.4167,20.8667,24.7167,23.7,21.3667,False,America/New_York,America/Chicago
868,2018-03-26,LGA,PHL,5.96667,7.13333,5.88333,6.95,6.76667,6.23333,False,America/New_York,America/New_York
351,2018-03-26,LGA,MIA,6.01667,9.4,6.01667,8.66667,8.6,6.33333,False,America/New_York,America/New_York
2266,2018-03-26,LGA,MIA,6.68333,10.0667,6.58333,9.25,9.13333,6.8,False,America/New_York,America/New_York
1472,2018-03-26,LGA,MIA,7.1,10.3833,6.91667,9.63333,9.51667,7.28333,False,America/New_York,America/New_York
1365,2018-03-26,LGA,MIA,7.43333,10.9167,7.3,10.6167,9.98333,7.7,False,America/New_York,America/New_York
1410,2018-03-26,LGA,MIA,7.93333,11.4167,8,11.15,11,8.6,False,America/New_York,America/New_York
4431,2018-03-26,LGA,MIA,9.43333,13.05,9.35,12.55,12.4833,10.0833,False,America/New_York,America/New_York
1415,2018-03-26,LGA,MIA,9.43333,13.0667,9.46667,12.6833,12.6,10.3167,False,America/New_York,America/New_York
1011,2018-03-26,LGA,MIA,11.0167,14.4333,11.0333,14.1333,14.0333,11.7333,False,America/New_York,America/New_York
838,2018-03-26,LGA,MIA,11.1833,14.6333,11.15,14.1167,14,11.7667,False,America/New_York,America/New_York
1311,2018-03-26,LGA,MIA,12.4333,15.85,12.3333,15.2167,15.1,12.7833,False,America/New_York,America/New_York
1923,2018-03-26,LGA,MIA,13.0167,16.2833,13,15.9833,15.9167,13.6667,False,America/New_York,America/New_York
2550,2018-03-26,LGA,MIA,13.3667,16.6833,13.3333,16.6333,16.5167,14.2167,False,America/New_York,America/New_York
1621,2018-03-26,LGA,MIA,15.2333,18.75,15.7833,19.0667,18.7167,16.4667,False,America/New_York,America/New_York
1982,2018-03-26,LGA,MIA,15.85,19.2333,15.8333,18.7333,18.65,16.4,False,America/New_York,America/New_York
1366,2018-03-26,LGA,MIA,16.4167,19.9667,16.8333,19.7333,19.6667,17.3833,False,America/New_York,America/New_York
1389,2018-03-26,LGA,MIA,17.4333,20.8667,18.1,20.7167,20.6333,18.4667,False,America/New_York,America/New_York
2240,2018-03-26,LGA,MIA,19.35,22.6833,19.2833,22.1167,21.9667,19.7333,False,America/New_York,America/New_York
896,2018-03-26,LGA,MIA,19.35,22.6833,19.2833,21.7833,21.7167,19.5833,False,America/New_York,America/New_York
1597,2018-03-26,LGA,MIA,22.6833,25.7833,22.9833,25.5833,25.4333,23.3,False,America/New_York,America/New_York
1919,2018-03-26,LGA,MSP,6.01667,9.1,5.93333,9.05,8.03333,6.46667,False,America/New_York,America/Chicago
4664,2018-03-26,LGA,MSP,6.76667,9.95,6.6,9.5,8.48333,6.88333,False,America/New_York,America/Chicago
121,2018-03-26,LGA,MSP,8.05,11.35,8,11,9.98333,8.48333,False,America/New_York,America/Chicago
1496,2018-03-26,LGA,MSP,9.68333,13.1,9.63333,12.9,11.9333,10.35,False,America/New_York,America/Chicago
2149,2018-03-26,LGA,MSP,11.3167,14.5333,11.4167,14.55,13.5833,12.0333,False,America/New_York,America/Chicago
855,2018-03-26,LGA,MSP,14.4167,17.4667,14.2833,17.65,16.6833,14.9333,False,America/New_York,America/Chicago
4432,2018-03-26,LGA,MSP,14.4333,17.6167,16.95,20.2167,19.2167,17.4333,False,America/New_York,America/Chicago
927,2018-03-26,LGA,MSP,16.5167,19.6833,16.5,19.7333,18.6833,16.9667,False,America/New_York,America/Chicago
2292,2018-03-26,LGA,MSP,18.4167,21.7833,18.4833,21.5333,20.5167,18.8167,False,America/New_York,America/Chicago
4616,2018-03-26,LGA,MSP,19.85,23.1167,20.0833,23.7667,22.75,21,False,America/New_York,America/Chicago
5069,2018-03-26,LGA,CVG,6.01667,8.25,5.93333,8,7.9,6.41667,False,America/New_York,America/New_York
3485,2018-03-26,LGA,CVG,8.53333,11,8.45,10.8333,10.75,9.2,False,America/New_York,America/New_York
3730,2018-03-26,LGA,CVG,8.93333,11.3333,8.81667,11.2667,11.1667,9.61667,False,America/New_York,America/New_York
649,2018-03-26,LGA,CVG,9.25,11.4167,9.18333,11.5167,11.4333,9.96667,False,America/New_York,America/New_York
5061,2018-03-26,LGA,CVG,10.2,12.6667,10.1167,12.5167,12.4167,10.9167,False,America/New_York,America/New_York
3494,2018-03-26,LGA,CVG,13.0167,15.1,13,15.2,15.1,13.55,False,America/New_York,America/New_York
5452,2018-03-26,LGA,CVG,16.9,19.25,16.9667,19.1333,19.0667,17.55,False,America/New_York,America/New_York
3776,2018-03-26,LGA,CVG,17.9167,20.3167,18.8167,20.6667,20.6,18.9833,False,America/New_York,America/New_York
3984,2018-03-26,LGA,CVG,19.4167,21.7167,19.6167,21.5667,21.4667,19.9667,False,America/New_York,America/New_York
129,2018-03-26,LGA,MCO,6.1,9,6.35,8.88333,8.68333,6.56667,False,America/New_York,America/New_York
1099,2018-03-26,LGA,MCO,6.93333,9.83333,6.85,9.43333,9.18333,7.18333,False,America/New_York,America/New_York
2285,2018-03-26,LGA,MCO,6.98333,10.0167,6.96667,9.7,9.51667,7.43333,False,America/New_York,America/New_York
199,2018-03-26,LGA,MCO,9.43333,12.6,9.78333,12.7833,12.6,10.5333,False,America/New_York,America/New_York
925,2018-03-26,LGA,MCO,9.66667,13,9.63333,12.5833,12.4333,10.4333,False,America/New_York,America/New_York
2181,2018-03-26,LGA,MCO,11.7667,14.9833,11.7667,14.4333,14.2833,12.2333,False,America/New_York,America/New_York
870,2018-03-26,LGA,MCO,14.6167,17.5,16.65,19.1167,18.9833,17,False,America/New_York,America/New_York
299,2018-03-26,LGA,MCO,16.5167,19.5833,16.8,19.4333,19.2333,17.1833,False,America/New_York,America/New_York
1585,2018-03-26,LGA,MCO,17.6833,20.8667,17.7,20.1333,20,18.0333,False,America/New_York,America/New_York
848,2018-03-26,LGA,MCO,19.6833,22.9333,19.9833,22.95,22.7667,20.8,False,America/New_York,America/New_York
499,2018-03-26,LGA,MCO,20.9667,23.8667,21.5167,23.8167,23.65,21.7,False,America/New_York,America/New_York
3590,2018-03-26,LGA,CLE,6.18333,8.08333,6.06667,7.71667,7.56667,6.36667,False,America/New_York,America/New_York
5464,2018-03-26,LGA,CLE,6.6,8.5,6.56667,8.21667,8.15,6.91667,False,America/New_York,America/New_York
3990,2018-03-26,LGA,CLE,8.51667,10.4167,8.35,10.0833,9.96667,8.86667,False,America/New_York,America/New_York
3721,2018-03-26,LGA,CLE,9.15,11.1167,9.15,11.35,11.3,10.1833,False,America/New_York,America/New_York
5441,2018-03-26,LGA,CLE,9.18333,11.2667,9.23333,11.35,11.25,10,False,America/New_York,America/New_York
4188,2018-03-26,LGA,CLE,11.3333,13.2333,11.1667,13.0333,12.9167,11.75,False,America/New_York,America/New_York
5444,2018-03-26,LGA,CLE,11.6833,13.6,12.4,14.3167,14.2,13.1,False,America/New_York,America/New_York
4302,2018-03-26,LGA,CLE,13.1833,15.0167,14.3833,16.5167,16.4,15.2333,False,America/New_York,America/New_York
5468,2018-03-26,LGA,CLE,14.2667,15.9833,14.3833,16.35,16.25,15.2,False,America/New_York,America/New_York
4072,2018-03-26,LGA,CLE,15.6,17.45,15.5,17.3333,17.2333,16.1167,False,America/New_York,America/New_York
5600,2018-03-26,LGA,CLE,16.9167,18.8667,17.4333,19.1,19.0167,17.9,False,America/New_York,America/New_York
4235,2018-03-26,LGA,CLE,18.1,19.95,18.4167,20.0333,19.9333,18.85,False,America/New_York,America/New_York
5500,2018-03-26,LGA,CLE,19.0167,21.1,19.4333,20.9667,20.8833,19.7833,False,America/New_York,America/New_York
3428,2018-03-26,LGA,CLE,20.9333,22.8167,21.1167,22.5833,22.5333,21.4167,False,America/New_York,America/New_York
5870,2018-03-26,LGA,BNA,6.43333,8.98333,6.31667,8.4,7.38333,6.6,False,America/New_York,America/Chicago
2073,2018-03-26,LGA,BNA,7.43333,9.85,7.93333,10.0667,9.06667,8.23333,False,America/New_York,America/Chicago
4501,2018-03-26,LGA,BNA,7.43333,10.1,7.35,9.63333,8.6,7.71667,False,America/New_York,America/Chicago
5423,2018-03-26,LGA,BNA,8.16667,10.85,8.18333,10.5,9.5,8.73333,False,America/New_York,America/Chicago
5168,2018-03-26,LGA,BNA,10.9333,13.6833,10.85,13.4833,12.45,11.5333,False,America/New_York,America/Chicago
237,2018-03-26,LGA,BNA,11.6,14.1833,11.5,13.9,12.9,12.0833,False,America/New_York,America/Chicago
5089,2018-03-26,LGA,BNA,11.6,14.3,11.5833,13.9667,12.9667,12.1833,False,America/New_York,America/Chicago
4737,2018-03-26,LGA,BNA,11.9167,14.6333,11.8,14.25,13.2,12.3833,False,America/New_York,America/Chicago
5885,2018-03-26,LGA,BNA,13.8833,16.45,13.85,16.6333,15.6,14.8,False,America/New_York,America/Chicago
4470,2018-03-26,LGA,BNA,16.1833,18.8333,16.1333,18.65,17.5333,16.8,False,America/New_York,America/Chicago
4080,2018-03-26,LGA,BNA,16.5333,19.2,16.5,18.8833,17.8833,17.1,False,America/New_York,America/Chicago
1087,2018-03-26,LGA,BNA,16.85,19.4333,17.35,19.5333,18.5667,17.7833,False,America/New_York,America/Chicago
3476,2018-03-26,LGA,BNA,18.85,21.4167,18.6833,21.2167,20.15,19.0833,False,America/New_York,America/Chicago
3474,2018-03-26,LGA,BNA,19.4167,22.15,19.85,22.45,21.45,20.5833,False,America/New_York,America/Chicago
3350,2018-03-26,LGA,RDU,6.43333,8.1,6.35,8.08333,7.83333,6.76667,False,America/New_York,America/New_York
3819,2018-03-26,LGA,RDU,6.91667,8.7,6.75,8.35,8.06667,6.98333,False,America/New_York,America/New_York
1669,2018-03-26,LGA,RDU,8.8,10.7333,8.63333,10.5167,10.45,9.28333,False,America/New_York,America/New_York
3930,2018-03-26,LGA,RDU,9.43333,11.35,9.26667,11.0167,10.9333,9.8,False,America/New_York,America/New_York
3736,2018-03-26,LGA,RDU,10.9333,12.8333,10.7667,12.7167,12.6,11.4833,False,America/New_York,America/New_York
5868,2018-03-26,LGA,RDU,12.4333,14.3667,12.4167,14.1167,13.9667,12.85,False,America/New_York,America/New_York
4113,2018-03-26,LGA,RDU,12.5667,14.5,12.6333,14.3833,14.3167,13.1667,False,America/New_York,America/New_York
3866,2018-03-26,LGA,RDU,14.4167,16.2,14.3333,16.3333,16.2333,15.15,False,America/New_York,America/New_York
4622,2018-03-26,LGA,RDU,15.1833,17.1167,15.1,16.95,16.8667,15.7,False,America/New_York,America/New_York
5412,2018-03-26,LGA,RDU,16.4333,18.1833,16.9,18.5333,18.45,17.3167,False,America/New_York,America/New_York
5437,2018-03-26,LGA,RDU,17.4167,19.2333,17.3333,19.0667,18.9833,17.8833,False,America/New_York,America/New_York
4088,2018-03-26,LGA,RDU,18.4167,20.3833,19,20.3833,20.3167,19.2167,False,America/New_York,America/New_York
3741,2018-03-26,LGA,RDU,18.4333,20.2833,21,22.6167,22.55,21.4833,False,America/New_York,America/New_York
5889,2018-03-26,LGA,RDU,20.4333,22.4,20.8,22.3833,22.2667,21.1333,False,America/New_York,America/New_York
3713,2018-03-26,LGA,RDU,21.1,22.9667,21.95,23.35,23.25,22.1667,False,America/New_York,America/New_York
3380,2018-03-26,LGA,CLT,6.43333,8.6,6.35,8.33333,8.18333,6.73333,False,America/New_York,America/New_York
458,2018-03-26,LGA,CLT,6.68333,8.73333,6.61667,8.93333,8.85,7.5,False,America/New_York,America/New_York
5439,2018-03-26,LGA,CLT,7.68333,9.95,7.61667,10.1667,9.91667,8.43333,False,America/New_York,America/New_York
1949,2018-03-26,LGA,CLT,7.85,10.1333,8.31667,10.55,10.4833,8.96667,False,America/New_York,America/New_York
660,2018-03-26,LGA,CLT,8.51667,10.75,8.4,10.6167,10.5333,9.06667,False,America/New_York,America/New_York
3370,2018-03-26,LGA,CLT,8.85,11.1833,8.86667,11.15,11,9.66667,False,America/New_York,America/New_York
604,2018-03-26,LGA,CLT,10.1833,12.55,10.1167,12.4167,12.35,10.9,False,America/New_York,America/New_York
3342,2018-03-26,LGA,CLT,10.9333,13.3333,11.0667,13.2667,13.1167,11.8,False,America/New_York,America/New_York
462,2018-03-26,LGA,CLT,11.4333,13.7167,11.3,13.35,13.2,11.8667,False,America/New_York,America/New_York
678,2018-03-26,LGA,CLT,12.9333,15.1,23.9333,23.9333,23.9333,23.9333,True,America/New_York,America/New_York
3345,2018-03-26,LGA,CLT,12.9333,15.15,12.7833,14.65,14.5833,13.25,False,America/New_York,America/New_York
1637,2018-03-26,LGA,CLT,14.4333,16.55,14.2667,16.45,16.3167,14.9667,False,America/New_York,America/New_York
3924,2018-03-26,LGA,CLT,14.9167,17.1333,14.9,17.1833,17.0667,15.7167,False,America/New_York,America/New_York
435,2018-03-26,LGA,CLT,15.9167,18.1667,16.05,18.3,18.0667,16.7667,False,America/New_York,America/New_York
1975,2018-03-26,LGA,CLT,16.75,19.1167,17.8833,19.7833,19.6833,18.3167,False,America/New_York,America/New_York
3298,2018-03-26,LGA,CLT,16.9333,19.15,16.8667,18.8,18.7667,17.4167,False,America/New_York,America/New_York
5232,2018-03-26,LGA,CLT,17.0833,19.35,17.2,19.1667,19.1,17.75,False,America/New_York,America/New_York
899,2018-03-26,LGA,CLT,18.85,21.1333,19.3167,21.1333,21.0667,19.6667,False,America/New_York,America/New_York
5409,2018-03-26,LGA,CLT,18.9167,21.2,19,20.85,20.7333,19.3333,False,America/New_York,America/New_York
5211,2018-03-26,LGA,CLT,19.8167,22,19.8667,21.5,21.45,20.1333,False,America/New_York,America/New_York
2014,2018-03-26,LGA,DEN,6.43333,10.9,6.4,10.9,8.7,6.63333,False,America/New_York,America/Denver
561,2018-03-26,LGA,DEN,7.7,12.3333,7.6,12.1333,9.95,7.8,False,America/New_York,America/Denver
1965,2018-03-26,LGA,DEN,8.43333,13.3167,8.35,13.1,10.8833,8.81667,False,America/New_York,America/Denver
1814,2018-03-26,LGA,DEN,8.85,13.75,8.8,13.6667,11.5167,9.45,False,America/New_York,America/Denver
2140,2018-03-26,LGA,DEN,10.5167,15.1833,10.4333,15.3667,13.1833,11.2,False,America/New_York,America/Denver
405,2018-03-26,LGA,DEN,11.5167,16.2167,11.5,16.2,14,12.05,False,America/New_York,America/Denver
745,2018-03-26,LGA,DEN,14.4167,19.0333,14.2167,19.75,17.5,15.0667,False,America/New_York,America/Denver
5591,2018-03-26,LGA,DEN,17.1833,21.9167,17.1,22.15,19.9333,17.65,False,America/New_York,America/Denver
834,2018-03-26,LGA,DEN,18.2667,23.1333,18.25,23.1333,20.9333,18.6167,False,America/New_York,America/Denver
509,2018-03-26,LGA,DEN,18.4333,23.0833,18.3667,22.8833,20.6833,18.7167,False,America/New_York,America/Denver
1635,2018-03-26,LGA,HOU,6.6,10.6,6.53333,10.4167,9.41667,7.08333,False,America/New_York,America/Chicago
40,2018-03-26,LGA,HOU,12.1,16.2667,12.1167,15.8,14.7833,12.6667,False,America/New_York,America/Chicago
5995,2018-03-26,LGA,HOU,16.85,21.0167,16.7833,20.4167,19.4333,17.1667,False,America/New_York,America/Chicago
5614,2018-03-26,LGA,PIT,6.93333,8.58333,6.9,8.38333,8.35,7.33333,False,America/New_York,America/New_York
5254,2018-03-26,LGA,PIT,8.8,10.5333,8.75,10.5167,10.4,9.4,False,America/New_York,America/New_York
5890,2018-03-26,LGA,PIT,9.46667,11.2833,9.4,11.25,11.2,10.25,False,America/New_York,America/New_York
5405,2018-03-26,LGA,PIT,11.4333,13.2,11.4,13.1167,13.05,12.1,False,America/New_York,America/New_York
3815,2018-03-26,LGA,PIT,11.6,13.4167,11.6167,13.2667,13.1833,12.15,False,America/New_York,America/New_York
3681,2018-03-26,LGA,PIT,13.15,14.8167,13.0167,14.7833,14.7,13.8333,False,America/New_York,America/New_York
5561,2018-03-26,LGA,PIT,13.4167,15.0333,14.4167,16.5667,16.5,15.35,False,America/New_York,America/New_York
3855,2018-03-26,LGA,PIT,15.1,16.8,14.9167,16.6333,16.5667,15.6333,False,America/New_York,America/New_York
3455,2018-03-26,LGA,PIT,17.1,18.7167,18.4,19.75,19.7167,18.75,False,America/New_York,America/New_York
4651,2018-03-26,LGA,PIT,17.1833,18.85,18.15,19.8,19.7,18.6833,False,America/New_York,America/New_York
4665,2018-03-26,LGA,PIT,18.2667,19.9667,18.15,19.7,19.5833,18.5833,False,America/New_York,America/New_York
3456,2018-03-26,LGA,PIT,20.6,22.1333,22.5667,23.7667,23.7,22.8,False,America/New_York,America/New_York
4528,2018-03-26,LGA,PIT,21.6833,23.3,23.9333,23.9333,23.9333,23.9333,True,America/New_York,America/New_York
3744,2018-03-26,LGA,BUF,7,8.55,6.98333,8.35,8.23333,7.46667,False,America/New_York,America/New_York
3933,2018-03-26,LGA,BUF,12.55,14.1,12.6167,13.9667,13.8667,13.0833,False,America/New_York,America/New_York
3767,2018-03-26,LGA,BUF,15.7667,17.2667,15.6167,17.3,17.2333,16.35,False,America/New_York,America/New_York
771,2018-03-26,LGA,BUF,19.4333,21.15,20.95,22.3833,22.2833,21.4333,False,America/New_York,America/New_York
3688,2018-03-26,LGA,BUF,21.8167,23.2833,21.6333,22.7667,22.6667,21.8667,False,America/New_York,America/New_York
3458,2018-03-26,LGA,MKE,7.1,9.7,6.93333,9.23333,8.26667,7.51667,False,America/New_York,America/Chicago
3453,2018-03-26,LGA,MKE,9.01667,11.6667,8.9,11.35,10.3833,9.63333,False,America/New_York,America/Chicago
690,2018-03-26,LGA,MKE,11.35,13.7667,11.3,13.6333,12.65,11.8333,False,America/New_York,America/Chicago
3733,2018-03-26,LGA,MKE,12.2167,14.6833,12,14.35,13.3167,12.5833,False,America/New_York,America/Chicago
3736,2018-03-26,LGA,MKE,15.6,18.0167,16.0333,18.5667,17.5667,16.6667,False,America/New_York,America/Chicago
3908,2018-03-26,LGA,MKE,18.85,21.3333,18.7333,21.2167,20.2,19.25,False,America/New_York,America/Chicago
1056,2018-03-26,LGA,MKE,19.85,22.5167,19.7667,21.9,20.9167,19.95,False,America/New_York,America/Chicago
3775,2018-03-26,LGA,SDF,7.26667,10.65,7.2,10.3167,9.4,7.63333,False,America/New_York,America/Kentucky/Louisville
3735,2018-03-26,LGA,SDF,9.18333,12.7,9.06667,12.2167,11.35,9.76667,False,America/New_York,America/Kentucky/Louisville
3788,2018-03-26,LGA,SDF,12.5167,15.9,12.6,15.9333,15,13.2167,False,America/New_York,America/Kentucky/Louisville
3986,2018-03-26,LGA,SDF,14.5667,17.7,14.5667,18.1167,17.2167,15.4833,False,America/New_York,America/Kentucky/Louisville
6089,2018-03-26,LGA,SDF,20.1167,23.2833,20.2833,23.4833,22.6,20.85,False,America/New_York,America/Kentucky/Louisville
1279,2018-03-26,LGA,STL,7.35,10.1,7.25,9.68333,8.7,7.56667,False,America/New_York,America/Chicago
5076,2018-03-26,LGA,STL,8.18333,11.15,8.1,10.9333,9.9,8.78333,False,America/New_York,America/Chicago
4621,2018-03-26,LGA,STL,8.43333,11.4667,8.35,11.2833,10.2833,9.1,False,America/New_York,America/Chicago
3893,2018-03-26,LGA,STL,10.1,13.15,10,13.0167,12.0167,10.8,False,America/New_York,America/Chicago
3898,2018-03-26,LGA,STL,11.9667,14.8,11.8167,14.8833,13.85,12.45,False,America/New_York,America/Chicago
4484,2018-03-26,LGA,STL,13.4333,16.3167,13.35,16.4167,15.3,14.0333,False,America/New_York,America/Chicago
6100,2018-03-26,LGA,STL,13.85,16.5167,13.8167,16.9833,16,14.6333,False,America/New_York,America/Chicago
3920,2018-03-26,LGA,STL,14.1667,16.85,13.9833,16.9,15.8833,14.5833,False,America/New_York,America/Chicago
3697,2018-03-26,LGA,STL,14.9333,17.8833,14.7833,17.7667,16.8167,15.4167,False,America/New_York,America/Chicago
3977,2018-03-26,LGA,STL,15.9667,18.8333,15.95,19.1833,18.1833,16.85,False,America/New_York,America/Chicago
6144,2018-03-26,LGA,STL,17.85,20.7667,17.9,20.55,19.5667,18.2833,False,America/New_York,America/Chicago
4437,2018-03-26,LGA,STL,18.4167,21.35,20.75,23.6167,22.55,21.2833,False,America/New_York,America/Chicago
3432,2018-03-26,LGA,STL,18.7667,21.65,18.8333,21.5667,20.5667,19.2,False,America/New_York,America/Chicago
461,2018-03-26,LGA,PBI,7.43333,10.4333,7.93333,10.7,10.6667,8.31667,False,America/New_York,America/New_York
2358,2018-03-26,LGA,PBI,8.01667,11.2833,8.03333,10.65,10.6,8.4,False,America/New_York,America/New_York
898,2018-03-26,LGA,PBI,10.0167,13.3667,9.9,13.05,13,10.7167,False,America/New_York,America/New_York
4668,2018-03-26,LGA,PBI,11.4333,14.7833,11.3833,14.5333,14.45,12,False,America/New_York,America/New_York
2436,2018-03-26,LGA,PBI,12,15.3667,11.9833,14.9333,14.8167,12.65,False,America/New_York,America/New_York
1161,2018-03-26,LGA,PBI,13.1333,16.2333,13.3667,16.5667,16.5167,14.2833,False,America/New_York,America/New_York
942,2018-03-26,LGA,PBI,15.75,18.9167,16.4167,19.1,19.0333,16.9,False,America/New_York,America/New_York
761,2018-03-26,LGA,PBI,15.9333,19.1,15.9333,18.7333,18.6667,16.5333,False,America/New_York,America/New_York
840,2018-03-26,LGA,PBI,18.6333,22.0333,18.8167,21.25,21.2,19.1333,False,America/New_York,America/New_York
3971,2018-03-26,LGA,RIC,7.93333,9.5,7.96667,9.35,9.28333,8.46667,False,America/New_York,America/New_York
3351,2018-03-26,LGA,RIC,8.51667,10.2667,8.46667,10.05,9.96667,9.11667,False,America/New_York,America/New_York
5507,2018-03-26,LGA,RIC,10.4333,12.25,10.3,11.9,11.8167,11.05,False,America/New_York,America/New_York
3968,2018-03-26,LGA,RIC,12.1167,13.7,12.2167,13.8,13.7167,12.8833,False,America/New_York,America/New_York
5556,2018-03-26,LGA,RIC,12.3667,14.0667,12.3167,13.9167,13.8333,13.05,False,America/New_York,America/New_York
5497,2018-03-26,LGA,RIC,15.25,16.7833,15.6167,17.3,17.1333,16.3333,False,America/New_York,America/New_York
3969,2018-03-26,LGA,RIC,16.1833,17.7667,16.4667,17.8333,17.75,16.95,False,America/New_York,America/New_York
5476,2018-03-26,LGA,RIC,19.9333,21.6,19.8,20.9833,20.9333,20.15,False,America/New_York,America/New_York
3803,2018-03-26,LGA,RIC,20.9333,22.55,20.8667,22.2167,22.1333,21.2667,False,America/New_York,America/New_York
3445,2018-03-26,LGA,JAX,7.93333,10.8,8.1,10.6833,10.6,8.68333,False,America/New_York,America/New_York
3659,2018-03-26,LGA,JAX,13.8833,16.45,13.7667,16.5167,16.4333,14.65,False,America/New_York,America/New_York
3697,2018-03-26,LGA,JAX,18.6833,21.5667,18.6,20.7833,20.6833,18.8667,False,America/New_York,America/New_York
3534,2018-03-26,LGA,DAY,7.95,10.15,7.78333,9.6,9.53333,8.13333,False,America/New_York,America/New_York
5191,2018-03-26,LGA,DAY,13.2667,15.3,13.2,15.4333,15.35,13.95,False,America/New_York,America/New_York
5348,2018-03-26,LGA,DAY,18.6,20.7167,19.2833,20.8333,20.7667,19.4333,False,America/New_York,America/New_York
5043,2018-03-26,LGA,DAY,19.3833,21.7833,19.2333,21.0833,21,19.6333,False,America/New_York,America/New_York
2969,2018-03-26,LGA,RSW,8.01667,11.4667,7.91667,10.9,10.8333,8.35,False,America/New_York,America/New_York
2912,2018-03-26,LGA,RSW,11.55,15.0667,13.6833,16.85,16.7667,14.4167,False,America/New_York,America/New_York
2700,2018-03-26,LGA,RSW,14.8667,18.1167,17.9333,20.9167,20.85,18.4333,False,America/New_York,America/New_York
2375,2018-03-26,LGA,RSW,19.6833,23.0667,21.5167,24.1833,24.0833,21.75,False,America/New_York,America/New_York
3989,2018-03-26,LGA,MCI,8.01667,11.55,8,11.4167,10.3833,8.61667,False,America/New_York,America/Chicago
3324,2018-03-26,LGA,MCI,11.0167,14.6,10.9833,14.4167,13.4,11.65,False,America/New_York,America/Chicago
3934,2018-03-26,LGA,MCI,14.3333,17.7,14.2333,18.3667,16.9667,15.1,False,America/New_York,America/Chicago
5752,2018-03-26,LGA,MCI,14.9333,18.1833,14.9833,18.4167,17.4333,15.6833,False,America/New_York,America/Chicago
3811,2018-03-26,LGA,MCI,16.6833,20.1333,16.7,19.9333,18.95,17.2333,False,America/New_York,America/Chicago
3928,2018-03-26,LGA,MCI,19.9333,23.3,19.8167,23.1333,22.1333,20.35,False,America/New_York,America/Chicago
3873,2018-03-26,LGA,SYR,8.15,9.5,8.06667,9.51667,9.3,8.63333,False,America/New_York,America/New_York
3383,2018-03-26,LGA,SYR,12.0667,13.3,11.9,13.1833,13.1167,12.4833,False,America/New_York,America/New_York
3422,2018-03-26,LGA,SYR,15.35,16.55,15.25,16.55,16.5,15.8667,False,America/New_York,America/New_York
3968,2018-03-26,LGA,SYR,21.7667,22.8167,21.7167,22.6667,22.6,21.9333,False,America/New_York,America/New_York
3734,2018-03-26,LGA,ROC,8.18333,9.76667,8.08333,9.38333,9.26667,8.56667,False,America/New_York,America/New_York
3322,2018-03-26,LGA,ROC,10.1333,11.75,10.05,11.85,11.75,11,False,America/New_York,America/New_York
5420,2018-03-26,LGA,ROC,12.8,14.3333,12.6167,14,13.8833,13.15,False,America/New_York,America/New_York
3312,2018-03-26,LGA,ROC,14.9667,16.3833,14.9667,16.6167,16.5167,15.7833,False,America/New_York,America/New_York
3369,2018-03-26,LGA,ROC,21.85,23.2333,21.7,22.8333,22.7333,22.0167,False,America/New_York,America/New_York
5576,2018-03-26,LGA,GSO,8.3,10.3167,8.33333,10.0833,10.0167,8.9,False,America/New_York,America/New_York
5494,2018-03-26,LGA,GSO,10.25,12.3167,10.15,12.0833,12,10.7667,False,America/New_York,America/New_York
3449,2018-03-26,LGA,GSO,13.1167,14.9833,13.0333,15.1167,15.05,13.9167,False,America/New_York,America/New_York
3773,2018-03-26,LGA,GSO,14.6,16.5167,14.45,16.5833,16.5167,15.3333,False,America/New_York,America/New_York
5597,2018-03-26,LGA,GSO,15.4333,17.3333,15.4,17.3,17.2667,16.1333,False,America/New_York,America/New_York
5455,2018-03-26,LGA,GSO,18.4167,20.2833,19.5667,21.1833,21.1,19.8333,False,America/New_York,America/New_York
3473,2018-03-26,LGA,GSO,18.9167,20.8667,19.1,20.5333,20.5,19.35,False,America/New_York,America/New_York
3364,2018-03-26,LGA,ORF,8.43333,9.96667,8.38333,9.85,9.81667,9,False,America/New_York,America/New_York
3849,2018-03-26,LGA,ORF,8.43333,10.2333,8.26667,9.71667,9.65,8.76667,False,America/New_York,America/New_York
3661,2018-03-26,LGA,ORF,10.4333,12.0833,10.4167,12.1333,12.0833,11.25,False,America/New_York,America/New_York
3760,2018-03-26,LGA,ORF,13.4333,14.8333,13.2833,15,14.9667,14.1167,False,America/New_York,America/New_York
3971,2018-03-26,LGA,ORF,16.1,17.5333,15.9333,17.55,17.5,16.7333,False,America/New_York,America/New_York
3506,2018-03-26,LGA,ORF,16.4167,17.8833,17.9667,19.2333,19.2,18.3667,False,America/New_York,America/New_York
5520,2018-03-26,LGA,ORF,17.7667,19.3333,17.65,18.9167,18.8833,18.1,False,America/New_York,America/New_York
3559,2018-03-26,LGA,ORF,19.9167,21.45,20.0667,21.6,21.55,20.7333,False,America/New_York,America/New_York
2280,2018-03-26,LGA,TPA,8.48333,11.7667,8.43333,11.45,11.4,9.13333,False,America/New_York,America/New_York
2112,2018-03-26,LGA,TPA,9.26667,12.35,9.2,12.1833,12.1333,9.85,False,America/New_York,America/New_York
1875,2018-03-26,LGA,TPA,11.4333,14.6,11.8,14.4833,14.4333,12.2667,False,America/New_York,America/New_York
786,2018-03-26,LGA,TPA,16.0167,19.0833,17.0167,19.6833,19.6333,17.4667,False,America/New_York,America/New_York
5733,2018-03-26,LGA,TPA,18.35,21.6,19.5833,22.0833,22,19.8,False,America/New_York,America/New_York
2178,2018-03-26,LGA,TPA,19.8833,23.1167,19.9333,22.6,22.55,20.45,False,America/New_York,America/New_York
5450,2018-03-26,LGA,SAV,8.6,11.2667,8.56667,10.9,10.85,9.21667,False,America/New_York,America/New_York
3314,2018-03-26,LGA,SAV,15.4333,17.9833,15.3667,17.7833,17.7333,16.0833,False,America/New_York,America/New_York
3487,2018-03-26,LGA,SAV,20.9333,23.4667,21.4167,23.35,23.2,21.65,False,America/New_York,America/New_York
3895,2018-03-26,LGA,IND,8.61667,12,8.48333,11.8,10.9333,9.33333,False,America/New_York,America/Indiana/Indianapolis
4748,2018-03-26,LGA,IND,9.01667,12.5,8.95,12.25,11.3333,9.7,False,America/New_York,America/Indiana/Indianapolis
6009,2018-03-26,LGA,IND,11.4333,14.6833,11.3,14.4,13.5333,11.85,False,America/New_York,America/Indiana/Indianapolis
5053,2018-03-26,LGA,IND,13.4167,16.5833,13.3,16.5833,15.7167,14.05,False,America/New_York,America/Indiana/Indianapolis
4716,2018-03-26,LGA,IND,13.9333,17.15,13.8667,17.2,16.2667,14.6167,False,America/New_York,America/Indiana/Indianapolis
6097,2018-03-26,LGA,IND,17.75,21.0833,17.7167,20.7,19.8,18.1667,False,America/New_York,America/Indiana/Indianapolis
5902,2018-03-26,LGA,IND,19.35,22.8167,19.25,22.1167,21.2333,19.55,False,America/New_York,America/Indiana/Indianapolis
4400,2018-03-26,LGA,IND,20.15,23.45,20.1167,23.5,22.55,20.8167,False,America/New_York,America/Indiana/Indianapolis
3682,2018-03-26,LGA,ROA,8.95,10.8833,8.86667,10.8167,10.6833,9.55,False,America/New_York,America/New_York
3950,2018-03-26,LGA,PWM,9.43333,11.1,9.28333,11.1,10.9,10.05,False,America/New_York,America/New_York
3281,2018-03-26,LGA,PWM,11.35,12.6833,11.2833,12.7667,12.7167,11.9333,False,America/New_York,America/New_York
3689,2018-03-26,LGA,PWM,15.0167,16.35,16.45,17.85,17.8167,17.0333,False,America/New_York,America/New_York
3880,2018-03-26,LGA,PWM,20.0167,21.6,19.85,21.3833,21.25,20.5,False,America/New_York,America/New_York
5440,2018-03-26,LGA,GRR,9.6,12.7,9.55,12.6667,12,10.3833,False,America/New_York,America/Detroit
3368,2018-03-26,LGA,GRR,20.6833,23.6667,20.8667,23.6333,22.9333,21.3,False,America/New_York,America/Detroit
3961,2018-03-26,LGA,CHS,9.68333,12.2333,9.58333,12.1667,12.05,10.6333,False,America/New_York,America/New_York
3775,2018-03-26,LGA,CHS,14.35,16.6667,14.3833,16.8,16.7167,14.9333,False,America/New_York,America/New_York
3353,2018-03-26,LGA,CHS,20.7667,23.0667,20.95,22.9333,22.8167,21.3833,False,America/New_York,America/New_York
4608,2018-03-26,LGA,MEM,10.0333,13.1833,9.95,12.95,11.9333,10.6833,False,America/New_York,America/Chicago
5404,2018-03-26,LGA,MEM,10.6,13.7167,10.4667,13.3167,12.3333,11.1333,False,America/New_York,America/Chicago
3425,2018-03-26,LGA,MEM,18.4167,21.5833,19.6333,22.3333,21.3167,19.9,False,America/New_York,America/Chicago
3969,2018-03-26,LGA,MEM,19.1833,22.2833,19.1333,21.6167,20.6667,19.4167,False,America/New_York,America/Chicago
2884,2018-03-26,LGA,MSY,10.1833,13.9333,10.1,13.45,12.45,10.8833,False,America/New_York,America/Chicago
1182,2018-03-26,LGA,MSY,13.6,16.9833,13.5667,16.85,15.8333,14.3,False,America/New_York,America/Chicago
2717,2018-03-26,LGA,MSY,17.7667,21.3333,17.7333,20.6833,19.6833,18.0667,False,America/New_York,America/Chicago
3992,2018-03-26,LGA,BGR,10.1833,11.7167,10.0667,11.95,11.8833,10.85,False,America/New_York,America/New_York
5515,2018-03-26,LGA,BGR,14.3833,15.9,14.45,16.3167,16.2667,15.2667,False,America/New_York,America/New_York
3819,2018-03-26,LGA,BGR,20.0167,21.7,19.95,21.75,21.6833,20.7,False,America/New_York,America/New_York
3820,2018-03-26,LGA,MHT,10.35,11.85,10.3167,11.8833,11.6833,10.9833,False,America/New_York,America/New_York
3947,2018-03-26,LGA,MHT,15.4333,16.6667,15.3167,16.7,16.5833,15.95,False,America/New_York,America/New_York
5075,2018-03-26,LGA,MHT,21.9167,23.0167,22.1,23.1167,23.0167,22.4,False,America/New_York,America/New_York
3876,2018-03-26,LGA,BTV,10.6,11.9667,10.5167,12.2,12.1333,11.3333,False,America/New_York,America/New_York
5067,2018-03-26,LGA,BTV,14.85,16.2,14.65,16.3333,16.1833,15.3833,False,America/New_York,America/New_York
3870,2018-03-26,LGA,BTV,21.85,22.9833,21.9833,23.1667,23.1,22.3,False,America/New_York,America/New_York
2237,2018-03-26,LGA,SRQ,10.75,14.2833,10.7,13.7167,13.65,11.3833,False,America/New_York,America/New_York
921,2018-03-26,LGA,MYR,11.0167,13.0667,10.9333,12.9167,12.8667,11.6167,False,America/New_York,America/New_York
347,2018-03-26,LGA,MYR,18.8333,20.8667,19.8833,21.6333,21.5167,20.3,False,America/New_York,America/New_York
3742,2018-03-26,LGA,CHO,12.0167,13.5333,11.8167,13.2333,13.1667,12.3,False,America/New_York,America/New_York
3482,2018-03-26,LGA,CHO,17.4167,18.95,17.95,19.25,19.2,18.35,False,America/New_York,America/New_York
3482,2018-03-26,LGA,CHO,21.0167,22.4833,20.95,22.1833,22.15,21.35,False,America/New_York,America/New_York
5543,2018-03-26,LGA,XNA,13.6833,17.0167,13.6,17.0667,16.1,14.4333,False,America/New_York,America/Chicago
4388,2018-03-26,LGA,XNA,13.9333,17.3833,13.7833,17.4167,16.4333,14.6833,False,America/New_York,America/Chicago
4690,2018-03-26,LGA,XNA,18.9167,22.5167,19.0667,22.0833,21.05,19.3167,False,America/New_York,America/Chicago
3343,2018-03-26,LGA,ILM,13.7,15.6167,14.0333,16.0833,16.0167,14.8667,False,America/New_York,America/New_York
3347,2018-03-26,LGA,ILM,19.9167,21.9,19.8167,21.6333,21.5333,20.3667,False,America/New_York,America/New_York
5483,2018-03-26,LGA,BHM,14.2,16.7833,15.1667,17.8333,16.8667,15.9167,False,America/New_York,America/Chicago
5549,2018-03-26,LGA,BHM,20.85,23.5,22.2833,24.4333,23.4667,22.5167,False,America/New_York,America/Chicago
3837,2018-03-26,LGA,TYS,14.85,17.15,14.8,17.2333,17.1667,15.5667,False,America/New_York,America/New_York
3960,2018-03-26,LGA,TYS,20.4333,22.7167,20.6833,22.8,22.6167,21.3333,False,America/New_York,America/New_York
3686,2018-03-26,LGA,MSN,15.4667,18.0333,15.3667,17.95,17,16.0167,False,America/New_York,America/Chicago
5913,2018-03-26,LGA,MSN,20.5167,23.2167,20.4167,23.1167,22.1167,20.8833,False,America/New_York,America/Chicago
5274,2018-03-26,LGA,CAK,17.2667,19.0667,17.2667,18.85,18.8,17.7167,False,America/New_York,America/New_York
3634,2018-03-26,LGA,DSM,19.4167,22.7,20.15,23.3833,22.3667,20.6667,False,America/New_York,America/Chicago
5419,2018-03-26,LGA,OMA,20.2167,23.5167,20.3167,23.75,22.7667,20.9167,False,America/New_York,America/Chicago
5463,2018-03-26,LGA,CAE,20.6,22.7167,20.7833,22.6833,22.5333,21.15,False,America/New_York,America/New_York
3433,2018-03-26,LGA,GSP,21.1,23.2333,21.0333,22.9,22.8333,21.4667,False,America/New_York,America/New_York
5442,2018-03-26,LGA,LEX,21.4333,23.6167,21.65,23.4833,23.4,21.9667,False,America/New_York,America/New_York
