flight_number,date,origin_airport,destination_airport,scheduled_departure_time,scheduled_arrival_time,actual_departure_time,actual_arrival_time,wheels_on_time,wheels_off_time,cancelled,origin_time_zone,destination_time_zone
601,1996-05-23,LGA,ATL,5.93333,8.08333,23.9333,23.9333,23.9333,23.9333,True,America/New_York,America/New_York
603,1996-05-23,LGA,ATL,6.93333,9.43333,6.93333,9.35,9.23333,7.35,False,America/New_York,America/New_York
605,1996-05-23,LGA,ATL,7.93333,10.3,7.93333,10.4167,10.2167,8.46667,False,America/New_York,America/New_York
607,1996-05-23,LGA,ATL,8.93333,11.4333,8.91667,11.35,11.1667,9.28333,False,America/New_York,America/New_York
611,1996-05-23,LGA,ATL,9.93333,12.3167,9.91667,12.3167,12.1833,10.4167,False,America/New_York,America/New_York
615,1996-05-23,LGA,ATL,10.9333,13.25,10.9167,13.1167,12.9833,11.25,False,America/New_York,America/New_York
617,1996-05-23,LGA,ATL,11.9333,14.3,11.9167,13.95,13.8,12.1,False,America/New_York,America/New_York
619,1996-05-23,LGA,ATL,12.9333,15.2,12.9,15.0333,14.9167,13.1,False,America/New_York,America/New_York
621,1996-05-23,LGA,ATL,13.9333,16.35,13.9667,16.3667,16.2167,14.2667,False,America/New_York,America/New_York
625,1996-05-23,LGA,ATL,14.9333,17.3667,15,17.1167,16.9833,15.3167,False,America/New_York,America/New_York
627,1996-05-23,LGA,ATL,15.9333,18.3833,15.9667,18.5333,18.4167,16.4833,False,America/New_York,America/New_York
629,1996-05-23,LGA,ATL,16.9333,19.3167,16.95,19.45,19.2833,17.5167,False,America/New_York,America/New_York
631,1996-05-23,LGA,ATL,17.9333,20.4167,18.3667,20.9,20.4667,18.6833,False,America/New_York,America/New_York
635,1996-05-23,LGA,ATL,18.9333,21.3,18.9333,21.2667,21.05,19.2833,False,America/New_York,America/New_York
637,1996-05-23,LGA,ATL,19.9333,22.3,20.0333,22.3667,22.1667,20.35,False,America/New_York,America/New_York
643,1996-05-23,LGA,ATL,21.35,23.65,21.5,23.65,23.5167,21.6833,False,America/New_York,America/New_York
127,1996-05-23,LGA,CLT,5.93333,7.76667,5.95,7.75,7.65,6.16667,False,America/New_York,America/New_York
1125,1996-05-23,LGA,CLT,8.26667,10.1833,8.31667,10.1,10.0333,8.66667,False,America/New_York,America/New_York
207,1996-05-23,LGA,CLT,8.51667,10.5167,8.51667,10.5,10.2167,8.86667,False,America/New_York,America/New_York
1603,1996-05-23,LGA,CLT,10.9167,12.75,10.95,12.5833,12.5,11.25,False,America/New_York,America/New_York
338,1996-05-23,LGA,CLT,11.2667,13.1,11.4,13.0833,13,11.65,False,America/New_York,America/New_York
1187,1996-05-23,LGA,CLT,14.1833,16.0167,15.1833,16.7,16.6667,15.4333,False,America/New_York,America/New_York
1056,1996-05-23,LGA,CLT,17.3,19.2167,17.6333,19.4167,19.3333,17.9833,False,America/New_York,America/New_York
475,1996-05-23,LGA,CLT,17.4167,19.35,17.7333,19.4667,19.4,18.1,False,America/New_York,America/New_York
320,1996-05-23,LGA,CLT,18.9167,20.85,18.95,20.6667,20.5833,19.25,False,America/New_York,America/New_York
347,1996-05-23,LGA,CVG,5.93333,7.8,5.96667,8,7.91667,6.21667,False,America/New_York,America/New_York
379,1996-05-23,LGA,CVG,9.93333,11.9,9.91667,12.0333,11.9333,10.3667,False,America/New_York,America/New_York
1531,1996-05-23,LGA,CVG,13.4167,15.3667,13.4167,15.4833,15.3833,13.6167,False,America/New_York,America/New_York
1187,1996-05-23,LGA,CVG,15.4333,17.4833,15.4,17.75,17.6833,15.9167,False,America/New_York,America/New_York
976,1996-05-23,LGA,CVG,17.4333,19.55,17.4667,19.5333,19.4667,17.9333,False,America/New_York,America/New_York
1379,1996-05-23,LGA,DFW,5.93333,9.63333,5.93333,9.48333,8.41667,6.15,False,America/New_York,America/Chicago
377,1996-05-23,LGA,DFW,6.43333,10.0833,6.38333,9.81667,8.8,6.63333,False,America/New_York,America/Chicago
527,1996-05-23,LGA,DFW,6.43333,9.98333,6.38333,9.75,8.76667,6.68333,False,America/New_York,America/Chicago
295,1996-05-23,LGA,DFW,6.93333,10.6333,6.86667,10.3167,9.26667,7.16667,False,America/New_York,America/Chicago
739,1996-05-23,LGA,DFW,7.43333,11.15,7.4,11.0167,9.98333,7.86667,False,America/New_York,America/Chicago
627,1996-05-23,LGA,DFW,7.93333,11.65,7.96667,11.4667,10.4667,8.38333,False,America/New_York,America/Chicago
85,1996-05-23,LGA,DFW,8.85,12.65,8.88333,12.1667,11.1167,9.01667,False,America/New_York,America/Chicago
1381,1996-05-23,LGA,DFW,10.05,13.6833,10.0333,13.55,12.4667,10.4333,False,America/New_York,America/Chicago
789,1996-05-23,LGA,DFW,10.4333,14.0333,10.4333,13.8333,12.8,10.7,False,America/New_York,America/Chicago
363,1996-05-23,LGA,DFW,11.6,15.15,12.0167,15.5667,14.5333,12.3167,False,America/New_York,America/Chicago
491,1996-05-23,LGA,DFW,11.9333,15.8333,11.9,15.4333,14.1667,12.0833,False,America/New_York,America/Chicago
2380,1996-05-23,LGA,DFW,12.0333,15.9333,12.0167,15.5,14.45,12.2667,False,America/New_York,America/Chicago
871,1996-05-23,LGA,DFW,13.3167,17.2167,13.3167,16.55,15.5167,13.4667,False,America/New_York,America/Chicago
25,1996-05-23,LGA,DFW,14.6833,18.6,14.6667,18.0167,17.0167,14.9,False,America/New_York,America/Chicago
2295,1996-05-23,LGA,DFW,14.9333,18.9,14.9333,18.4667,17.45,15.2667,False,America/New_York,America/Chicago
1407,1996-05-23,LGA,DFW,15.75,19.6,15.7333,19.6833,18.2,16.0833,False,America/New_York,America/Chicago
1403,1996-05-23,LGA,DFW,16.6667,20.4333,16.6667,20.2667,19.2,17.0333,False,America/New_York,America/Chicago
349,1996-05-23,LGA,DFW,17.1,20.5333,17.1,20.6667,19.6,17.3167,False,America/New_York,America/Chicago
1803,1996-05-23,LGA,DFW,17.6833,21.5333,17.75,21.45,20.3833,18.1667,False,America/New_York,America/Chicago
375,1996-05-23,LGA,DFW,18.1833,22.0667,18.1333,22.2,21.1167,18.45,False,America/New_York,America/Chicago
255,1996-05-23,LGA,DFW,19.9333,23.8167,19.95,23.4833,22.4167,20.1833,False,America/New_York,America/Chicago
741,1996-05-23,LGA,IAH,5.93333,9.58333,5.98333,9.36667,8.35,6.18333,False,America/New_York,America/Chicago
1807,1996-05-23,LGA,IAH,8.1,11.8833,8.06667,11.5833,10.6,8.6,False,America/New_York,America/Chicago
547,1996-05-23,LGA,IAH,10.4167,14.1167,10.3667,13.65,12.6333,10.6,False,America/New_York,America/Chicago
1817,1996-05-23,LGA,IAH,13.4167,17.15,13.55,16.8833,15.9,13.9333,False,America/New_York,America/Chicago
171,1996-05-23,LGA,IAH,14.9167,18.6333,14.8833,18.45,17.3,15.1333,False,America/New_York,America/Chicago
1835,1996-05-23,LGA,IAH,16.1833,19.9833,16.1833,19.9333,18.9167,16.75,False,America/New_York,America/Chicago
115,1996-05-23,LGA,IAH,17.4167,21.2167,17.4167,21.3333,20.1,17.8833,False,America/New_York,America/Chicago
1731,1996-05-23,LGA,IAH,19.4333,23.1667,19.45,22.9333,21.95,19.7333,False,America/New_York,America/Chicago
631,1996-05-23,LGA,MEM,6.35,8.93333,6.33333,8.78333,7.76667,6.58333,False,America/New_York,America/Chicago
259,1996-05-23,LGA,MEM,11.4333,14.1,11.4333,13.8667,12.8667,11.7,False,America/New_York,America/Chicago
555,1996-05-23,LGA,MEM,17.4333,20.1833,17.5333,20.1833,19.2333,18.0333,False,America/New_York,America/Chicago
699,1996-05-23,LGA,ORD,6.35,8.41667,6.33333,8.38333,7.35,6.51667,False,America/New_York,America/Chicago
303,1996-05-23,LGA,ORD,6.43333,8.55,6.43333,8.58333,7.6,6.65,False,America/New_York,America/Chicago
305,1996-05-23,LGA,ORD,6.93333,9.2,6.9,9.36667,8.36667,7.41667,False,America/New_York,America/Chicago
697,1996-05-23,LGA,ORD,6.93333,9.1,6.95,9.45,8.38333,7.48333,False,America/New_York,America/Chicago
635,1996-05-23,LGA,ORD,7.41667,9.53333,7.38333,9.86667,8.75,7.78333,False,America/New_York,America/Chicago
307,1996-05-23,LGA,ORD,7.43333,9.71667,7.51667,9.96667,8.95,7.9,False,America/New_York,America/Chicago
309,1996-05-23,LGA,ORD,7.93333,10.2,7.9,10.2667,9.28333,8.31667,False,America/New_York,America/Chicago
695,1996-05-23,LGA,ORD,7.93333,10.1,8.18333,10.45,9.35,8.55,False,America/New_York,America/Chicago
313,1996-05-23,LGA,ORD,8.93333,11.15,8.91667,11.1333,10.15,9.08333,False,America/New_York,America/Chicago
693,1996-05-23,LGA,ORD,8.93333,11.0667,8.96667,11.1,10.0667,9.21667,False,America/New_York,America/Chicago
315,1996-05-23,LGA,ORD,9.43333,11.7,9.46667,11.7167,10.7167,9.73333,False,America/New_York,America/Chicago
317,1996-05-23,LGA,ORD,9.93333,12.2,9.88333,12.2333,11.1833,10.0667,False,America/New_York,America/Chicago
691,1996-05-23,LGA,ORD,9.93333,12.1167,10.1333,12.3667,11.3833,10.4833,False,America/New_York,America/Chicago
321,1996-05-23,LGA,ORD,10.9333,13.1667,10.8667,13.5333,12.5167,11.1,False,America/New_York,America/Chicago
689,1996-05-23,LGA,ORD,10.9333,13.0833,11.45,13.8833,12.9,11.7333,False,America/New_York,America/Chicago
325,1996-05-23,LGA,ORD,11.9333,14.2167,11.9167,14.3833,13.4,12.1333,False,America/New_York,America/Chicago
687,1996-05-23,LGA,ORD,11.9333,14.0333,12,14.4,13.3667,12.2333,False,America/New_York,America/Chicago
329,1996-05-23,LGA,ORD,12.9333,15.2,12.9833,15.5167,14.4833,13.2667,False,America/New_York,America/Chicago
685,1996-05-23,LGA,ORD,12.9333,15.1333,23.9333,24.85,23.9333,23.9333,True,America/New_York,America/Chicago
333,1996-05-23,LGA,ORD,13.9333,16.2167,13.95,16.3667,15.35,14.1833,False,America/New_York,America/Chicago
683,1996-05-23,LGA,ORD,13.9333,16.0667,14.25,16.6,15.6167,14.4833,False,America/New_York,America/Chicago
337,1996-05-23,LGA,ORD,14.9333,17.2667,14.95,18.5,17.4833,16.1833,False,America/New_York,America/Chicago
681,1996-05-23,LGA,ORD,14.9333,17.1333,15.05,18.5333,17.5,16.2667,False,America/New_York,America/Chicago
341,1996-05-23,LGA,ORD,15.9333,18.2333,15.9167,18.95,17.9,16.6333,False,America/New_York,America/Chicago
679,1996-05-23,LGA,ORD,15.9333,18.2333,16.0833,18.8833,17.9167,16.6667,False,America/New_York,America/Chicago
345,1996-05-23,LGA,ORD,16.9333,19.2667,16.9167,20.6667,19.6667,18.6,False,America/New_York,America/Chicago
677,1996-05-23,LGA,ORD,16.9333,19.2167,17.7,20.3333,19.35,18.4333,False,America/New_York,America/Chicago
347,1996-05-23,LGA,ORD,17.4333,19.7167,17.4333,21.2333,20.2,19.2,False,America/New_York,America/Chicago
349,1996-05-23,LGA,ORD,17.9333,20.3667,17.9667,21.8833,20.8667,19.7667,False,America/New_York,America/Chicago
675,1996-05-23,LGA,ORD,17.9333,20.2833,19.0833,21.6833,20.6667,19.6167,False,America/New_York,America/Chicago
353,1996-05-23,LGA,ORD,18.9333,21.3167,18.9333,22.3,21.2833,20.3,False,America/New_York,America/Chicago
673,1996-05-23,LGA,ORD,18.9333,21.2333,19.8,22.6,21.45,20.4667,False,America/New_York,America/Chicago
671,1996-05-23,LGA,ORD,19.9333,22.15,21.1167,23.3,22.2667,21.3833,False,America/New_York,America/Chicago
361,1996-05-23,LGA,ORD,20.9333,23.1167,20.9667,23.4667,22.1667,21.2167,False,America/New_York,America/Chicago
1820,1996-05-23,LGA,BOS,6.43333,7.33333,6.43333,7.2,7.13333,6.63333,False,America/New_York,America/New_York
2096,1996-05-23,LGA,BOS,7.26667,8.26667,7.26667,8.45,8.38333,7.73333,False,America/New_York,America/New_York
1822,1996-05-23,LGA,BOS,7.43333,8.41667,7.45,8.56667,8.48333,7.86667,False,America/New_York,America/New_York
1824,1996-05-23,LGA,BOS,8.43333,9.43333,8.43333,9.41667,9.35,8.76667,False,America/New_York,America/New_York
1826,1996-05-23,LGA,BOS,9.43333,10.4333,9.43333,10.1833,10.1167,9.55,False,America/New_York,America/New_York
1828,1996-05-23,LGA,BOS,10.4333,11.35,10.4333,11.3,11.2333,10.6833,False,America/New_York,America/New_York
1954,1996-05-23,LGA,BOS,10.9333,11.9167,10.95,12,11.9167,11.35,False,America/New_York,America/New_York
1830,1996-05-23,LGA,BOS,11.4333,12.4,11.4333,12.5167,12.45,11.75,False,America/New_York,America/New_York
1832,1996-05-23,LGA,BOS,12.4333,13.3167,12.4333,13.4167,13.3667,12.7167,False,America/New_York,America/New_York
1834,1996-05-23,LGA,BOS,13.4333,14.4167,13.4333,14.3167,14.2667,13.65,False,America/New_York,America/New_York
1968,1996-05-23,LGA,BOS,13.9167,14.9167,13.9167,14.9,14.85,14.1833,False,America/New_York,America/New_York
1836,1996-05-23,LGA,BOS,14.4333,15.3333,14.4333,15.3333,15.2833,14.6833,False,America/New_York,America/New_York
2098,1996-05-23,LGA,BOS,15.1833,16.1833,15.1833,16.1,15.9667,15.4333,False,America/New_York,America/New_York
1838,1996-05-23,LGA,BOS,15.4333,16.5,15.4333,16.5667,16.4333,15.8333,False,America/New_York,America/New_York
1840,1996-05-23,LGA,BOS,16.4333,17.45,23.9333,23.9333,23.9333,23.9333,True,America/New_York,America/New_York
1842,1996-05-23,LGA,BOS,17.4333,18.4167,17.4333,18.4667,18.4,17.8167,False,America/New_York,America/New_York
1970,1996-05-23,LGA,BOS,17.9333,18.9333,17.9333,19.0167,18.8833,18.3167,False,America/New_York,America/New_York
1844,1996-05-23,LGA,BOS,18.4333,19.5,18.4833,19.4833,19.3833,18.85,False,America/New_York,America/New_York
1846,1996-05-23,LGA,BOS,19.4333,20.4333,19.45,20.2667,20.1667,19.6333,False,America/New_York,America/New_York
1848,1996-05-23,LGA,BOS,20.4333,21.35,20.4667,21.35,21.2,20.6833,False,America/New_York,America/New_York
1850,1996-05-23,LGA,BOS,21.4333,22.2667,21.4333,22.1667,22.1,21.5833,False,America/New_York,America/New_York
1741,1996-05-23,LGA,DCA,6.43333,7.38333,6.43333,7.45,7.4,6.7,False,America/New_York,America/New_York
1743,1996-05-23,LGA,DCA,7.43333,8.5,7.3,8.38333,8.33333,7.66667,False,America/New_York,America/New_York
1745,1996-05-23,LGA,DCA,8.43333,9.56667,8.45,9.58333,9.4,8.76667,False,America/New_York,America/New_York
1747,1996-05-23,LGA,DCA,9.43333,10.5,9.48333,10.3,10.2667,9.61667,False,America/New_York,America/New_York
1749,1996-05-23,LGA,DCA,10.4333,11.4667,10.4333,11.45,11.3667,10.7667,False,America/New_York,America/New_York
1751,1996-05-23,LGA,DCA,11.4333,12.4333,11.4667,12.45,12.4167,11.8,False,America/New_York,America/New_York
1753,1996-05-23,LGA,DCA,12.4333,13.4167,12.4333,13.4,13.3833,12.7333,False,America/New_York,America/New_York
1755,1996-05-23,LGA,DCA,13.4333,14.4667,13.4333,14.3833,14.35,13.6667,False,America/New_York,America/New_York
1757,1996-05-23,LGA,DCA,14.4333,15.4167,14.4667,15.35,15.3167,14.65,False,America/New_York,America/New_York
1759,1996-05-23,LGA,DCA,15.4333,16.6167,15.45,16.45,16.4167,15.75,False,America/New_York,America/New_York
1761,1996-05-23,LGA,DCA,16.4333,17.5333,16.45,17.6,17.5667,16.9333,False,America/New_York,America/New_York
1763,1996-05-23,LGA,DCA,17.4333,18.55,17.1833,18.4,18.3667,17.6,False,America/New_York,America/New_York
1765,1996-05-23,LGA,DCA,18.4333,19.5833,18.4333,19.4833,19.45,18.7833,False,America/New_York,America/New_York
1767,1996-05-23,LGA,DCA,19.4333,20.4333,19.4333,20.35,20.3,19.6,False,America/New_York,America/New_York
1769,1996-05-23,LGA,DCA,20.4333,21.4333,20.45,21.3333,21.3,20.6667,False,America/New_York,America/New_York
1771,1996-05-23,LGA,DCA,20.9333,21.9167,20.9333,21.7667,21.75,21.0833,False,America/New_York,America/New_York
1621,1996-05-23,LGA,GSO,6.43333,7.98333,6.41667,7.75,7.71667,6.56667,False,America/New_York,America/New_York
649,1996-05-23,LGA,GSO,10.4167,11.9667,10.4667,11.9333,11.8833,10.7333,False,America/New_York,America/New_York
590,1996-05-23,LGA,GSO,13.4167,15.0167,13.4,14.7333,14.6833,13.5333,False,America/New_York,America/New_York
2229,1996-05-23,LGA,GSO,15.4167,17.1167,16,17.7167,17.6667,16.4833,False,America/New_York,America/New_York
866,1996-05-23,LGA,GSO,20.0167,21.65,20.5667,22.05,21.9833,20.7833,False,America/New_York,America/New_York
1762,1996-05-23,LGA,MSP,6.43333,9.21667,6.61667,9.6,8.56667,6.85,False,America/New_York,America/Chicago
565,1996-05-23,LGA,MSP,8.43333,11.35,8.45,11.5667,10.55,8.81667,False,America/New_York,America/Chicago
505,1996-05-23,LGA,MSP,11.85,14.65,11.85,15.1,14.1333,12.4667,False,America/New_York,America/Chicago
563,1996-05-23,LGA,MSP,13.6,16.4167,13.65,16.5,15.4333,13.9,False,America/New_York,America/Chicago
151,1996-05-23,LGA,MSP,15.1,17.9333,15.0667,18.2333,17.2167,15.4,False,America/New_York,America/Chicago
373,1996-05-23,LGA,MSP,16.9167,19.8,17,20.4167,19.4333,17.6833,False,America/New_York,America/Chicago
515,1996-05-23,LGA,MSP,18.4167,21.35,23.9333,24.85,23.9333,23.9333,True,America/New_York,America/Chicago
361,1996-05-23,LGA,MSP,18.85,21.7833,18.9167,21.7833,20.8333,19.1333,False,America/New_York,America/Chicago
777,1996-05-23,LGA,STL,6.51667,9.01667,6.46667,9.88333,8.85,6.78333,False,America/New_York,America/Chicago
229,1996-05-23,LGA,STL,8.6,11.1833,8.56667,11.2833,10.1167,8.96667,False,America/New_York,America/Chicago
659,1996-05-23,LGA,STL,11.85,14.3333,11.85,14.5333,13.5,12.35,False,America/New_York,America/Chicago
519,1996-05-23,LGA,STL,14.2667,16.7333,14.6167,17.2333,16.2333,14.9333,False,America/New_York,America/Chicago
7,1996-05-23,LGA,STL,15.2667,17.8,15.8667,18.6,17.6167,16.4,False,America/New_York,America/Chicago
375,1996-05-23,LGA,STL,17.35,19.9667,17.5333,20.3167,19.25,17.9667,False,America/New_York,America/Chicago
669,1996-05-23,LGA,STL,19.7667,22.2667,19.9167,22.4667,21.4667,20.1667,False,America/New_York,America/Chicago
411,1996-05-23,LGA,IND,6.68333,8.61667,7.21667,9.16667,8.21667,7.55,False,America/New_York,America/Indiana/Indianapolis
232,1996-05-23,LGA,IND,14.7667,16.75,18.4167,20.4333,19.5,18.7167,False,America/New_York,America/Indiana/Indianapolis
266,1996-05-23,LGA,IND,16.5167,18.5833,16.95,19.0167,18.1167,17.3667,False,America/New_York,America/Indiana/Indianapolis
570,1996-05-23,LGA,BWI,6.76667,7.75,6.85,7.81667,7.75,7.05,False,America/New_York,America/New_York
1555,1996-05-23,LGA,BWI,10.7667,11.75,10.7833,11.6833,11.6,10.9667,False,America/New_York,America/New_York
685,1996-05-23,LGA,BWI,13.85,14.8333,14.15,14.95,14.8833,14.3,False,America/New_York,America/New_York
901,1996-05-23,LGA,BWI,18.35,19.4167,18.5167,19.5833,19.5167,18.85,False,America/New_York,America/New_York
1263,1996-05-23,LGA,CLE,6.76667,8.31667,6.76667,8.65,8.58333,7.13333,False,America/New_York,America/New_York
263,1996-05-23,LGA,CLE,9.43333,11.05,9.41667,11.05,10.9333,9.8,False,America/New_York,America/New_York
1507,1996-05-23,LGA,CLE,12.6833,14.3167,12.6833,14.15,14,12.9,False,America/New_York,America/New_York
1291,1996-05-23,LGA,CLE,16.4333,18.0333,17.05,18.8667,18.8167,17.5667,False,America/New_York,America/New_York
1183,1996-05-23,LGA,CLE,18.35,20.0167,18.4833,20.2,20.1333,18.9,False,America/New_York,America/New_York
577,1996-05-23,LGA,CLE,19.4333,21.0333,19.3667,20.9833,20.9167,19.7833,False,America/New_York,America/New_York
285,1996-05-23,LGA,DTW,6.76667,9.16667,6.73333,9.1,8.36667,6.93333,False,America/New_York,America/Detroit
521,1996-05-23,LGA,DTW,7.91667,10.35,7.86667,10.5333,9.61667,8.18333,False,America/New_York,America/Detroit
69,1996-05-23,LGA,DTW,9.43333,11.9167,9.4,11.8667,11.0667,9.7,False,America/New_York,America/Detroit
527,1996-05-23,LGA,DTW,11.1833,13.6833,11.15,13.5333,12.85,11.4833,False,America/New_York,America/Detroit
337,1996-05-23,LGA,DTW,12.85,15.2,14.1167,16.6667,15.85,14.35,False,America/New_York,America/Detroit
531,1996-05-23,LGA,DTW,13.7667,16.2833,13.8,16.3167,15.4667,13.9667,False,America/New_York,America/Detroit
488,1996-05-23,LGA,DTW,16.1333,18.6333,16.1833,18.8167,18.1333,16.8,False,America/New_York,America/Detroit
519,1996-05-23,LGA,DTW,17.6833,20.2167,17.9333,20.7833,20.1,18.6667,False,America/New_York,America/Detroit
537,1996-05-23,LGA,DTW,19.4333,21.9833,19.4833,22.1833,21.4,20.0833,False,America/New_York,America/Detroit
169,1996-05-23,LGA,IAD,6.85,8.01667,6.85,7.85,7.75,7.05,False,America/New_York,America/New_York
1021,1996-05-23,LGA,IAD,14.85,16.0833,14.85,15.9333,15.85,15.1667,False,America/New_York,America/New_York
1081,1996-05-23,LGA,IAD,18.9167,20.0667,18.9,19.8667,19.8167,19.0833,False,America/New_York,America/New_York
1637,1996-05-23,LGA,MIA,6.91667,9.73333,6.93333,9.91667,9.71667,7.26667,False,America/New_York,America/New_York
613,1996-05-23,LGA,MIA,7.85,10.6333,7.88333,10.4167,10.3833,8.06667,False,America/New_York,America/New_York
411,1996-05-23,LGA,MIA,8.91667,11.7833,8.95,11.85,11.7,9.25,False,America/New_York,America/New_York
1871,1996-05-23,LGA,MIA,9.91667,12.7333,9.96667,12.8333,12.7167,10.3333,False,America/New_York,America/New_York
967,1996-05-23,LGA,MIA,12.4333,15.2667,12.4167,15.1,15.05,12.7,False,America/New_York,America/New_York
463,1996-05-23,LGA,MIA,13.4333,16.2667,13.4667,16.1667,16.0667,13.75,False,America/New_York,America/New_York
1041,1996-05-23,LGA,MIA,14.9333,18,14.9333,17.8333,17.7333,15.3833,False,America/New_York,America/New_York
1129,1996-05-23,LGA,MIA,17.4333,20.3833,18.7,22.05,21.9333,19.2667,False,America/New_York,America/New_York
1723,1996-05-23,LGA,MIA,18.4167,21.3833,18.4667,21.45,21.3667,18.7833,False,America/New_York,America/New_York
993,1996-05-23,LGA,MIA,19.1833,22.2,19.3167,22.1333,22.0667,19.5,False,America/New_York,America/New_York
803,1996-05-23,LGA,MIA,19.4333,22.3167,19.45,22.2333,22.0833,19.8,False,America/New_York,America/New_York
1577,1996-05-23,LGA,MIA,19.9333,22.8667,20.0667,23.0333,22.9333,20.3833,False,America/New_York,America/New_York
1686,1996-05-23,LGA,ORF,6.91667,8.06667,6.9,8.06667,8.03333,7.13333,False,America/New_York,America/New_York
1143,1996-05-23,LGA,ORF,12.4333,13.5833,12.4,13.4333,13.3667,12.55,False,America/New_York,America/New_York
508,1996-05-23,LGA,ORF,14.9167,16.1833,14.9833,16.15,16.1167,15.3,False,America/New_York,America/New_York
647,1996-05-23,LGA,ORF,19.2667,20.5,20.4667,21.5333,21.45,20.65,False,America/New_York,America/New_York
693,1996-05-23,LGA,BNA,6.93333,9.21667,6.86667,8.86667,7.85,7,False,America/New_York,America/Chicago
1323,1996-05-23,LGA,BNA,12.2333,14.5,12.2167,14.2667,13.2667,12.4167,False,America/New_York,America/Chicago
1529,1996-05-23,LGA,BNA,18.55,20.8667,18.6333,20.75,19.75,18.9167,False,America/New_York,America/Chicago
296,1996-05-23,LGA,CMH,6.93333,8.65,6.91667,8.58333,8.5,7.21667,False,America/New_York,America/New_York
409,1996-05-23,LGA,CMH,8.93333,10.7,8.93333,10.55,10.4833,9.23333,False,America/New_York,America/New_York
1573,1996-05-23,LGA,CMH,11.6833,13.3167,11.6667,13.1833,13.1167,11.85,False,America/New_York,America/New_York
1676,1996-05-23,LGA,CMH,14.6833,16.3167,14.9333,16.6,16.5333,15.2333,False,America/New_York,America/New_York
2931,1996-05-23,LGA,CMH,18.7667,20.4667,18.7667,20.5333,20.4333,19.0167,False,America/New_York,America/New_York
1833,1996-05-23,LGA,CMH,18.9167,20.6333,19.0667,20.75,20.7167,19.35,False,America/New_York,America/New_York
1239,1996-05-23,LGA,DEN,6.93333,11.1167,6.91667,11.3333,9.2,7.33333,False,America/New_York,America/Denver
347,1996-05-23,LGA,DEN,8.35,12.5833,8.36667,12.8,10.4333,8.7,False,America/New_York,America/Denver
1689,1996-05-23,LGA,DEN,9.6,14.0167,9.56667,14.0167,11.8667,9.91667,False,America/New_York,America/Denver
1211,1996-05-23,LGA,DEN,10.9333,15.1167,10.9167,15.1333,12.9667,11.1167,False,America/New_York,America/Denver
1539,1996-05-23,LGA,DEN,14.4333,18.5667,14.5333,18.9333,16.75,14.8333,False,America/New_York,America/Denver
531,1996-05-23,LGA,DEN,16.9167,21.2,17,21.6167,19.4667,17.55,False,America/New_York,America/Denver
311,1996-05-23,LGA,DEN,18.1833,22.5,18.3833,22.9,20.7,18.65,False,America/New_York,America/Denver
315,1996-05-23,LGA,TPA,6.93333,9.66667,6.9,9.7,9.61667,7.28333,False,America/New_York,America/New_York
2186,1996-05-23,LGA,TPA,7.01667,9.85,7.26667,10.0333,9.98333,7.61667,False,America/New_York,America/New_York
285,1996-05-23,LGA,TPA,14.2667,17,14.2167,16.8167,16.7333,14.4167,False,America/New_York,America/New_York
1293,1996-05-23,LGA,TPA,14.6833,17.45,16.6167,19.4333,19.3833,17.0167,False,America/New_York,America/New_York
401,1996-05-23,LGA,TPA,17.6833,20.5333,18.2,21.0667,21,18.5167,False,America/New_York,America/New_York
1104,1996-05-23,LGA,PIT,7.1,8.56667,7.11667,8.51667,8.4,7.5,False,America/New_York,America/New_York
1089,1996-05-23,LGA,PIT,9.26667,10.7667,9.33333,10.7333,10.6333,9.65,False,America/New_York,America/New_York
577,1996-05-23,LGA,PIT,9.6,10.9833,9.71667,10.95,10.8667,9.91667,False,America/New_York,America/New_York
1948,1996-05-23,LGA,PIT,11.9333,13.35,12.1167,13.2833,13.2167,12.3,False,America/New_York,America/New_York
775,1996-05-23,LGA,PIT,15.2667,16.7667,15.4333,16.8833,16.8,15.8,False,America/New_York,America/New_York
1602,1996-05-23,LGA,PIT,15.5167,17.0167,15.5667,17.1667,17.0667,16.1333,False,America/New_York,America/New_York
1432,1996-05-23,LGA,PIT,17.7,19.1667,18.1,19.4833,19.4167,18.4,False,America/New_York,America/New_York
959,1996-05-23,LGA,PIT,17.9167,19.3833,18.1833,19.6667,19.5667,18.4833,False,America/New_York,America/New_York
956,1996-05-23,LGA,PIT,19.2667,20.7667,19.3333,20.7333,20.65,19.55,False,America/New_York,America/New_York
1598,1996-05-23,LGA,RIC,7.2,8.51667,7.23333,8.55,8.45,7.58333,False,America/New_York,America/New_York
1923,1996-05-23,LGA,RIC,9.91667,11.15,9.91667,11.1333,11.0333,10.1333,False,America/New_York,America/New_York
440,1996-05-23,LGA,RIC,16,17.35,16.3833,17.8167,17.7333,16.8667,False,America/New_York,America/New_York
969,1996-05-23,LGA,RIC,19.6833,21,19.75,20.8167,20.7167,19.9333,False,America/New_York,America/New_York
2238,1996-05-23,LGA,MCO,7.35,10.0333,7.33333,9.98333,9.86667,7.76667,False,America/New_York,America/New_York
1159,1996-05-23,LGA,MCO,7.93333,10.6,7.95,10.6667,10.5833,8.5,False,America/New_York,America/New_York
259,1996-05-23,LGA,MCO,10.4167,13.0167,10.5,13.05,12.95,10.85,False,America/New_York,America/New_York
1601,1996-05-23,LGA,MCO,10.85,13.4333,10.8333,13.3667,13.2833,11.3,False,America/New_York,America/New_York
421,1996-05-23,LGA,MCO,12.6833,15.2667,12.7,15.0167,14.9333,12.8667,False,America/New_York,America/New_York
1451,1996-05-23,LGA,MCO,13.7667,16.3667,13.8333,16.1167,16.0667,14,False,America/New_York,America/New_York
1959,1996-05-23,LGA,MCO,18.6,21.2667,18.5667,21.0833,20.9833,18.8667,False,America/New_York,America/New_York
1401,1996-05-23,LGA,MCO,20.2667,22.95,20.3333,22.7333,22.6667,20.5833,False,America/New_York,America/New_York
1057,1996-05-23,LGA,RDU,7.35,8.93333,7.36667,8.81667,8.76667,7.71667,False,America/New_York,America/New_York
1507,1996-05-23,LGA,RDU,14.4167,15.9167,14.9667,16.4,16.35,15.2667,False,America/New_York,America/New_York
787,1996-05-23,LGA,RDU,16.4333,18.0667,16.8833,18.3,18.25,17.2,False,America/New_York,America/New_York
316,1996-05-23,LGA,RDU,19.7667,21.35,21.4,22.7,22.65,21.5333,False,America/New_York,America/New_York
1135,1996-05-23,LGA,BUF,7.43333,8.66667,7.38333,8.65,8.61667,7.8,False,America/New_York,America/New_York
996,1996-05-23,LGA,BUF,9.41667,10.6667,9.4,10.4,10.3667,9.58333,False,America/New_York,America/New_York
2141,1996-05-23,LGA,BUF,12.9333,14.0833,13.6,14.7333,14.7,13.8833,False,America/New_York,America/New_York
436,1996-05-23,LGA,BUF,16.9333,18.2167,19.4833,20.6833,20.6167,19.75,False,America/New_York,America/New_York
582,1996-05-23,LGA,BUF,18.1833,19.4167,19.4667,20.6333,20.6,19.7167,False,America/New_York,America/New_York
1128,1996-05-23,LGA,BUF,20.6833,21.9167,20.6833,21.7667,21.7333,20.8167,False,America/New_York,America/New_York
259,1996-05-23,LGA,PBI,7.43333,10.2333,7.43333,10.1667,10.1,7.91667,False,America/New_York,America/New_York
293,1996-05-23,LGA,PBI,7.91667,10.75,7.88333,10.65,10.6167,8.33333,False,America/New_York,America/New_York
1189,1996-05-23,LGA,PBI,8.43333,11.3,8.41667,11.1333,11.0667,8.71667,False,America/New_York,America/New_York
609,1996-05-23,LGA,PBI,11.6833,14.4833,11.7167,14.15,14.0833,11.9667,False,America/New_York,America/New_York
181,1996-05-23,LGA,PBI,14.9333,17.7833,15.2833,17.9,17.8333,15.65,False,America/New_York,America/New_York
733,1996-05-23,LGA,PBI,19.2667,22.0833,19.4167,22.2167,22.1333,19.6667,False,America/New_York,America/New_York
407,1996-05-23,LGA,FLL,7.51667,10.4333,7.53333,10.3833,10.2833,7.96667,False,America/New_York,America/New_York
2354,1996-05-23,LGA,FLL,8.6,11.7167,8.63333,11.4833,11.4333,8.93333,False,America/New_York,America/New_York
263,1996-05-23,LGA,FLL,12.6833,15.5167,13,15.6667,15.6,13.3,False,America/New_York,America/New_York
2169,1996-05-23,LGA,FLL,15.0167,18.05,15.7167,18.45,18.3833,15.95,False,America/New_York,America/New_York
2051,1996-05-23,LGA,FLL,17.7667,20.6333,17.9167,20.95,20.9,18.35,False,America/New_York,America/New_York
1447,1996-05-23,LGA,FLL,19.6833,22.6667,20.0667,23.0167,22.95,20.3333,False,America/New_York,America/New_York
447,1996-05-23,LGA,FLL,19.7667,22.6667,20.2333,22.8833,22.8333,20.5,False,America/New_York,America/New_York
204,1996-05-23,LGA,MCI,7.51667,10.6667,7.63333,10.7,9.7,8,False,America/New_York,America/Chicago
2129,1996-05-23,LGA,MCI,19.4333,22.5833,19.5333,22.8667,21.8167,19.8333,False,America/New_York,America/Chicago
2278,1996-05-23,LGA,ROC,7.91667,9.08333,7.9,9.01667,8.91667,8.15,False,America/New_York,America/New_York
398,1996-05-23,LGA,ROC,11.6833,12.7667,11.6833,12.75,12.6667,11.8833,False,America/New_York,America/New_York
2360,1996-05-23,LGA,ROC,16.9333,18.15,17.05,18.4,18.35,17.6,False,America/New_York,America/New_York
1524,1996-05-23,LGA,ROC,20.35,21.5167,20.3,21.4667,21.35,20.5333,False,America/New_York,America/New_York
2039,1996-05-23,LGA,JAX,9.18333,11.6667,9.18333,11.4167,11.35,9.41667,False,America/New_York,America/New_York
215,1996-05-23,LGA,RSW,10.85,13.9,10.8667,13.9167,13.8667,11.3333,False,America/New_York,America/New_York
307,1996-05-23,LGA,CHS,10.9167,12.8333,11.1667,12.9167,12.8667,11.4167,False,America/New_York,America/New_York
1516,1996-05-23,LGA,SYR,12.4333,13.35,12.3833,13.35,13.2833,12.6333,False,America/New_York,America/New_York
1481,1996-05-23,LGA,SYR,17.4167,18.4333,17.8167,18.8833,18.8167,18.1333,False,America/New_York,America/New_York
2148,1996-05-23,LGA,MSY,13.9167,17.0167,14,16.9667,16,14.3167,False,America/New_York,America/Chicago
274,1996-05-23,LGA,SDF,14.9167,17.9,15.0167,17.9167,17.05,15.2,False,America/New_York,America/Kentucky/Louisville
318,1996-05-23,LGA,DAY,15.5167,17.4167,16.5833,18.55,18.4833,16.9667,False,America/New_York,America/New_York
248,1996-05-23,LGA,GSP,15.9333,18,16.05,18.0333,17.9833,16.55,False,America/New_York,America/New_York
398,1996-05-23,ORD,LGA,6.85,8.83333,6.8,8.73333,9.5,7,False,America/Chicago,America/New_York
698,1996-05-23,ORD,LGA,6.85,8.8,6.86667,8.65,9.51667,7.08333,False,America/Chicago,America/New_York
394,1996-05-23,ORD,LGA,7.85,9.83333,7.81667,9.73333,10.6,8.1,False,America/Chicago,America/New_York
696,1996-05-23,ORD,LGA,7.85,9.8,7.81667,9.61667,10.5,8.06667,False,America/Chicago,America/New_York
662,1996-05-23,ORD,LGA,8.35,10.3167,8.43333,10.1667,11.0167,8.6,False,America/Chicago,America/New_York
390,1996-05-23,ORD,LGA,8.85,10.8167,8.8,10.6,11.4667,8.98333,False,America/Chicago,America/New_York
694,1996-05-23,ORD,LGA,8.85,10.8667,24.85,47.9333,24.85,24.85,True,America/Chicago,America/New_York
386,1996-05-23,ORD,LGA,9.85,11.9333,10.2833,12.1167,12.9667,10.5,False,America/Chicago,America/New_York
692,1996-05-23,ORD,LGA,9.85,11.8167,9.85,11.75,12.6,10.05,False,America/Chicago,America/New_York
382,1996-05-23,ORD,LGA,10.85,12.8167,11.2,13.0333,13.8833,11.3833,False,America/Chicago,America/New_York
690,1996-05-23,ORD,LGA,10.85,12.7833,10.9167,12.7167,13.55,11.1167,False,America/Chicago,America/New_York
378,1996-05-23,ORD,LGA,11.85,13.75,24.85,47.9333,24.85,24.85,True,America/Chicago,America/New_York
688,1996-05-23,ORD,LGA,11.85,13.9167,11.8667,13.75,14.6167,12.1167,False,America/Chicago,America/New_York
374,1996-05-23,ORD,LGA,12.85,14.8667,13,15.05,15.8667,13.2833,False,America/Chicago,America/New_York
684,1996-05-23,ORD,LGA,12.85,14.8667,12.9833,14.8833,15.7333,13.2333,False,America/Chicago,America/New_York
370,1996-05-23,ORD,LGA,13.85,15.8833,13.9333,15.9833,16.8,14.2333,False,America/Chicago,America/New_York
686,1996-05-23,ORD,LGA,13.85,15.8333,13.8667,15.8833,16.7167,14.2,False,America/Chicago,America/New_York
368,1996-05-23,ORD,LGA,14.35,16.4333,14.3,16.2667,17.1,14.55,False,America/Chicago,America/New_York
630,1996-05-23,ORD,LGA,14.35,16.4333,14.85,16.8833,17.7333,15.15,False,America/Chicago,America/New_York
366,1996-05-23,ORD,LGA,14.85,16.9333,14.85,17.1,17.6667,15.0833,False,America/Chicago,America/New_York
682,1996-05-23,ORD,LGA,14.85,17.0667,14.8167,16.7833,17.6167,15.0167,False,America/Chicago,America/New_York
362,1996-05-23,ORD,LGA,15.85,17.9167,15.85,18.05,18.8167,16.2833,False,America/Chicago,America/New_York
680,1996-05-23,ORD,LGA,15.85,17.8667,16.0833,18.1667,19,16.4833,False,America/Chicago,America/New_York
358,1996-05-23,ORD,LGA,16.85,18.9333,17.1,19.1,19.9333,17.3333,False,America/Chicago,America/New_York
678,1996-05-23,ORD,LGA,16.85,18.9333,18.55,20.5167,21.3333,18.85,False,America/Chicago,America/New_York
356,1996-05-23,ORD,LGA,17.35,19.4833,17.45,19.6667,20.4333,17.8167,False,America/Chicago,America/New_York
354,1996-05-23,ORD,LGA,17.85,19.9167,17.8833,19.85,20.7,18.2,False,America/Chicago,America/New_York
676,1996-05-23,ORD,LGA,17.85,20.0333,17.8833,19.75,20.6,18.1167,False,America/Chicago,America/New_York
350,1996-05-23,ORD,LGA,18.85,20.9333,19.9667,21.85,22.6667,20.1833,False,America/Chicago,America/New_York
674,1996-05-23,ORD,LGA,18.85,20.9167,19.5,21.4167,22.25,19.6833,False,America/Chicago,America/New_York
346,1996-05-23,ORD,LGA,19.85,21.9333,20.35,22.5667,23.4,20.8167,False,America/Chicago,America/New_York
672,1996-05-23,ORD,LGA,19.85,21.85,21.5333,23.2833,24.15,21.75,False,America/Chicago,America/New_York
342,1996-05-23,ORD,LGA,20.85,22.8833,21.95,23.8667,24.7167,22.25,False,America/Chicago,America/New_York
1018,1996-05-23,ORD,LGA,20.85,22.8333,22.2,24.0167,24.8667,22.4167,False,America/Chicago,America/New_York
340,1996-05-23,ORD,LGA,21.35,23.4167,22.9667,24.8,25.6167,23.2333,False,America/Chicago,America/New_York
1063,1996-05-23,BUF,LGA,6.26667,7.43333,6.25,7.3,7.18333,6.4,False,America/New_York,America/New_York
654,1996-05-23,BUF,LGA,8.93333,10.0833,8.9,9.91667,9.85,8.98333,False,America/New_York,America/New_York
590,1996-05-23,BUF,LGA,11.85,12.9167,11.8833,12.85,12.7667,11.9833,False,America/New_York,America/New_York
1077,1996-05-23,BUF,LGA,16.6833,17.8333,16.7167,17.75,17.6167,16.8167,False,America/New_York,America/New_York
866,1996-05-23,BUF,LGA,18.2667,19.4167,18.3,19.3167,19.1833,18.4,False,America/New_York,America/New_York
393,1996-05-23,BUF,LGA,20.2667,21.4167,20.75,21.8333,21.7167,20.9,False,America/New_York,America/New_York
448,1996-05-23,ATL,LGA,6.43333,8.41667,6.51667,8.46667,8.31667,6.68333,False,America/New_York,America/New_York
504,1996-05-23,ATL,LGA,7.43333,9.43333,7.38333,9.25,9.13333,7.51667,False,America/New_York,America/New_York
506,1996-05-23,ATL,LGA,8.43333,10.5667,8.41667,10.4333,10.3167,8.68333,False,America/New_York,America/New_York
508,1996-05-23,ATL,LGA,9.43333,11.3333,9.5,11.4667,11.3333,9.61667,False,America/New_York,America/New_York
512,1996-05-23,ATL,LGA,10.4333,12.5667,10.35,12.6833,12.5667,10.9,False,America/New_York,America/New_York
522,1996-05-23,ATL,LGA,11.4333,13.4333,11.4,13.2833,13.1667,11.5333,False,America/New_York,America/New_York
526,1996-05-23,ATL,LGA,12.4333,14.5833,12.6,14.8,14.6667,13,False,America/New_York,America/New_York
532,1996-05-23,ATL,LGA,13.4333,15.5833,13.4833,15.4667,15.2833,13.65,False,America/New_York,America/New_York
554,1996-05-23,ATL,LGA,14.4333,16.4167,14.5167,16.7,16.4833,14.6667,False,America/New_York,America/New_York
556,1996-05-23,ATL,LGA,15.4333,17.6667,15.4167,17.5833,17.4333,15.7667,False,America/New_York,America/New_York
564,1996-05-23,ATL,LGA,16.4333,18.5167,16.55,18.5333,18.4,16.7,False,America/New_York,America/New_York
568,1996-05-23,ATL,LGA,17.4333,19.6833,17.4167,19.3833,19.25,17.6167,False,America/New_York,America/New_York
574,1996-05-23,ATL,LGA,18.4333,20.4333,18.75,20.6167,20.4833,18.9167,False,America/New_York,America/New_York
576,1996-05-23,ATL,LGA,19.4333,21.5833,19.4167,21.1,21.05,19.5333,False,America/New_York,America/New_York
578,1996-05-23,ATL,LGA,20.4333,22.45,20.3833,22.2667,22.15,20.55,False,America/New_York,America/New_York
580,1996-05-23,ATL,LGA,21.4333,23.55,21.7167,23.7333,23.6167,22.0667,False,America/New_York,America/New_York
1821,1996-05-23,BOS,LGA,6.43333,7.43333,6.43333,7.38333,7.26667,6.61667,False,America/New_York,America/New_York
1823,1996-05-23,BOS,LGA,7.43333,8.46667,7.48333,8.58333,8.51667,7.78333,False,America/New_York,America/New_York
1825,1996-05-23,BOS,LGA,8.43333,9.43333,8.43333,9.43333,9.35,8.68333,False,America/New_York,America/New_York
1951,1996-05-23,BOS,LGA,8.93333,9.93333,8.91667,10.0667,9.98333,9.18333,False,America/New_York,America/New_York
1827,1996-05-23,BOS,LGA,9.43333,10.4167,9.43333,10.5,10.4,9.66667,False,America/New_York,America/New_York
1829,1996-05-23,BOS,LGA,10.4333,11.4333,10.4333,11.2833,11.2667,10.6333,False,America/New_York,America/New_York
1831,1996-05-23,BOS,LGA,11.4333,12.4167,11.45,12.3333,12.3,11.65,False,America/New_York,America/New_York
1833,1996-05-23,BOS,LGA,12.4333,13.4167,12.4333,13.3333,13.3167,12.7,False,America/New_York,America/New_York
1953,1996-05-23,BOS,LGA,12.9333,13.9167,12.9333,13.8333,13.7833,13.1667,False,America/New_York,America/New_York
1835,1996-05-23,BOS,LGA,13.4333,14.4167,13.4333,14.35,14.3,13.6333,False,America/New_York,America/New_York
1837,1996-05-23,BOS,LGA,14.4333,15.4167,14.45,15.3167,15.2667,14.65,False,America/New_York,America/New_York
1839,1996-05-23,BOS,LGA,15.4333,16.4167,15.4333,16.5167,16.4833,15.7167,False,America/New_York,America/New_York
1971,1996-05-23,BOS,LGA,15.9333,16.9333,15.8833,16.8667,16.85,16.15,False,America/New_York,America/New_York
1841,1996-05-23,BOS,LGA,16.4333,17.4167,16.4667,17.3667,17.35,16.6667,False,America/New_York,America/New_York
2097,1996-05-23,BOS,LGA,17.1833,18.1833,17.15,18.1167,18.0333,17.3333,False,America/New_York,America/New_York
1843,1996-05-23,BOS,LGA,17.4333,18.4667,17.45,18.2667,18.2167,17.5833,False,America/New_York,America/New_York
1845,1996-05-23,BOS,LGA,18.4333,19.4167,23.9333,23.9333,23.9333,23.9333,True,America/New_York,America/New_York
1847,1996-05-23,BOS,LGA,19.4333,20.4333,18.9333,19.85,19.8167,19.1333,False,America/New_York,America/New_York
2099,1996-05-23,BOS,LGA,19.9333,20.9167,19.45,20.4,20.3833,19.6667,False,America/New_York,America/New_York
1849,1996-05-23,BOS,LGA,20.4333,21.4333,20.4167,21.2833,21.2667,20.5667,False,America/New_York,America/New_York
1851,1996-05-23,BOS,LGA,21.4333,22.4167,21.4333,22.2667,22.2333,21.55,False,America/New_York,America/New_York
486,1996-05-23,ORF,LGA,6.43333,7.66667,6.43333,7.51667,7.4,6.51667,False,America/New_York,America/New_York
430,1996-05-23,ORF,LGA,10.1,11.3333,10.0833,11.3833,11.2333,10.2833,False,America/New_York,America/New_York
436,1996-05-23,ORF,LGA,15.1833,16.4167,15.1833,16.5,16.3167,15.3167,False,America/New_York,America/New_York
1524,1996-05-23,ORF,LGA,18.6,19.8333,18.6,19.7167,19.6,18.6833,False,America/New_York,America/New_York
2354,1996-05-23,ROC,LGA,6.43333,7.5,6.41667,7.5,7.35,6.55,False,America/New_York,America/New_York
2034,1996-05-23,ROC,LGA,9.68333,10.75,9.68333,10.5333,10.4667,9.75,False,America/New_York,America/New_York
1819,1996-05-23,ROC,LGA,13.2667,14.3333,13.3,14.1833,14.0833,13.35,False,America/New_York,America/New_York
647,1996-05-23,ROC,LGA,17.6167,18.6833,17.7,18.6667,18.5667,17.85,False,America/New_York,America/New_York
1740,1996-05-23,DCA,LGA,6.68333,7.63333,6.68333,7.63333,7.55,6.98333,False,America/New_York,America/New_York
1742,1996-05-23,DCA,LGA,7.43333,8.43333,7.43333,8.26667,8.21667,7.55,False,America/New_York,America/New_York
1744,1996-05-23,DCA,LGA,8.43333,9.25,8.43333,9.23333,9.15,8.55,False,America/New_York,America/New_York
1746,1996-05-23,DCA,LGA,9.43333,10.3,9.45,10.3333,10.2667,9.65,False,America/New_York,America/New_York
1748,1996-05-23,DCA,LGA,10.4333,11.2333,10.45,11.4333,11.4,10.7667,False,America/New_York,America/New_York
1750,1996-05-23,DCA,LGA,11.4333,12.4333,11.4333,12.25,12.2333,11.6,False,America/New_York,America/New_York
1752,1996-05-23,DCA,LGA,12.4333,13.2833,12.4333,13.2667,13.2333,12.55,False,America/New_York,America/New_York
1754,1996-05-23,DCA,LGA,13.4333,14.35,13.4333,14.4167,14.4,13.6,False,America/New_York,America/New_York
1756,1996-05-23,DCA,LGA,14.4333,15.4167,14.4833,15.6833,15.6667,14.7667,False,America/New_York,America/New_York
1758,1996-05-23,DCA,LGA,15.4333,16.35,15.4333,16.5667,16.55,15.6833,False,America/New_York,America/New_York
1760,1996-05-23,DCA,LGA,16.4333,17.4333,16.4333,17.4333,17.3833,16.65,False,America/New_York,America/New_York
1762,1996-05-23,DCA,LGA,17.4333,18.4333,17.4333,18.5167,18.45,17.6833,False,America/New_York,America/New_York
1764,1996-05-23,DCA,LGA,18.4333,19.4333,18.4667,19.3167,19.3,18.65,False,America/New_York,America/New_York
1766,1996-05-23,DCA,LGA,19.4333,20.4333,19.4333,20.2833,20.2667,19.6,False,America/New_York,America/New_York
1768,1996-05-23,DCA,LGA,20.4333,21.2333,20.4333,21.2333,21.2,20.5667,False,America/New_York,America/New_York
1770,1996-05-23,DCA,LGA,21.4333,22.2167,21.4333,22.25,22.1833,21.5667,False,America/New_York,America/New_York
700,1996-05-23,DFW,LGA,7.68333,10.9333,7.71667,10.8667,11.7,7.85,False,America/Chicago,America/New_York
704,1996-05-23,DFW,LGA,8.35,11.6333,8.36667,11.7333,12.5333,8.55,False,America/Chicago,America/New_York
654,1996-05-23,DFW,LGA,8.35,11.7,8.35,11.7833,12.5833,8.6,False,America/Chicago,America/New_York
708,1996-05-23,DFW,LGA,9.1,12.4333,9.06667,12.45,13.3333,9.45,False,America/Chicago,America/New_York
710,1996-05-23,DFW,LGA,10.1,13.4333,10.05,13.3167,14.15,10.2667,False,America/Chicago,America/New_York
716,1996-05-23,DFW,LGA,11.6,14.8667,11.7,15,15.75,11.8667,False,America/Chicago,America/New_York
720,1996-05-23,DFW,LGA,13.35,16.7,13.4667,16.95,17.65,13.7167,False,America/Chicago,America/New_York
724,1996-05-23,DFW,LGA,13.7667,17.2167,13.8,17.3333,17.9667,14.0833,False,America/Chicago,America/New_York
2062,1996-05-23,DFW,LGA,13.8167,17.4333,13.8667,17.4167,18.1,14.2,False,America/Chicago,America/New_York
726,1996-05-23,DFW,LGA,14.35,17.8333,14.4167,18.0167,18.7167,14.8833,False,America/Chicago,America/New_York
728,1996-05-23,DFW,LGA,14.9333,18.2667,15.3667,18.8333,19.55,15.7,False,America/Chicago,America/New_York
730,1996-05-23,DFW,LGA,15.1,18.4833,15.2,18.4667,19.2,15.3,False,America/Chicago,America/New_York
736,1996-05-23,DFW,LGA,16.7667,20.2,16.7667,20.1,20.8833,17.0833,False,America/Chicago,America/New_York
738,1996-05-23,DFW,LGA,17.1,20.4167,17.1,20.3167,21.1833,17.3667,False,America/Chicago,America/New_York
714,1996-05-23,DFW,LGA,17.6,20.9167,17.65,20.75,21.6,17.7833,False,America/Chicago,America/New_York
740,1996-05-23,DFW,LGA,17.85,21.1333,17.8833,21.0167,21.8667,18.0333,False,America/Chicago,America/New_York
742,1996-05-23,DFW,LGA,18.1,21.4833,18.1,21.6333,22.4333,18.5833,False,America/Chicago,America/New_York
746,1996-05-23,DFW,LGA,19.2667,22.5167,19.2667,22.7,23.5,19.6667,False,America/Chicago,America/New_York
784,1996-05-23,DFW,LGA,20.1167,23.4167,20.3,23.4667,24.3,20.5667,False,America/Chicago,America/New_York
748,1996-05-23,DFW,LGA,20.2667,23.6167,20.2667,23.4,24.2667,20.5167,False,America/Chicago,America/New_York
754,1996-05-23,DFW,LGA,21.1,24.3333,21.05,24.5167,25.3,21.4333,False,America/Chicago,America/New_York
150,1996-05-23,MSP,LGA,7.68333,10.2167,7.71667,10,10.85,7.9,False,America/Chicago,America/New_York
502,1996-05-23,MSP,LGA,8.43333,11.05,8.4,10.9,11.7167,8.68333,False,America/Chicago,America/New_York
504,1996-05-23,MSP,LGA,10.3333,12.9333,10.3,12.7167,13.5333,10.5167,False,America/Chicago,America/New_York
506,1996-05-23,MSP,LGA,12.4333,15.1167,12.3667,15.2833,16.1333,13.1167,False,America/Chicago,America/New_York
1765,1996-05-23,MSP,LGA,14.0167,16.75,14.0333,16.7167,17.5167,14.4,False,America/Chicago,America/New_York
110,1996-05-23,MSP,LGA,15.4333,18.0167,15.45,17.8333,18.6333,15.6,False,America/Chicago,America/New_York
568,1996-05-23,MSP,LGA,19.1833,21.9333,19.1833,21.7667,22.5667,19.5833,False,America/Chicago,America/New_York
1769,1996-05-23,MSP,LGA,22.2667,24.7833,22.2333,24.9333,25.7833,22.8667,False,America/Chicago,America/New_York
934,1996-05-23,CMH,LGA,6.93333,8.43333,6.86667,8.46667,8.4,7.1,False,America/New_York,America/New_York
920,1996-05-23,CMH,LGA,7.51667,8.98333,8.03333,9.3,9.26667,8.18333,False,America/New_York,America/New_York
286,1996-05-23,CMH,LGA,9.93333,11.45,9.91667,11.2667,11.1667,10,False,America/New_York,America/New_York
293,1996-05-23,CMH,LGA,15.9333,17.4167,16.15,17.75,17.5167,16.2667,False,America/New_York,America/New_York
2938,1996-05-23,CMH,LGA,16.6833,18.1167,16.6167,18.0167,17.9333,16.7667,False,America/New_York,America/New_York
407,1996-05-23,CMH,LGA,19.4333,20.9167,19.5333,20.9167,20.7833,19.6167,False,America/New_York,America/New_York
518,1996-05-23,DTW,LGA,7.53333,8.58333,7.51667,8.51667,9.03333,7.85,False,America/Detroit,America/New_York
431,1996-05-23,DTW,LGA,9.61667,10.6833,9.68333,10.4167,10.95,9.85,False,America/Detroit,America/New_York
936,1996-05-23,DTW,LGA,11.1167,12.1167,11.1,11.9167,12.4333,11.3333,False,America/Detroit,America/New_York
526,1996-05-23,DTW,LGA,12.95,14.0167,12.9,13.9667,14.4333,13.1833,False,America/Detroit,America/New_York
481,1996-05-23,DTW,LGA,14.3667,15.4333,14.35,15.6667,16.0333,14.9,False,America/Detroit,America/New_York
520,1996-05-23,DTW,LGA,15.6167,16.7,16.1167,17.3167,17.7,16.5,False,America/Detroit,America/New_York
70,1996-05-23,DTW,LGA,17.45,18.5833,17.7333,18.5833,19.0667,17.95,False,America/Detroit,America/New_York
530,1996-05-23,DTW,LGA,19.5333,20.6833,19.7333,20.75,21.2,20.0333,False,America/Detroit,America/New_York
441,1996-05-23,DTW,LGA,21.3667,22.4667,21.3833,22.2167,22.7333,21.6333,False,America/Detroit,America/New_York
423,1996-05-23,GSO,LGA,6.93333,8.43333,7.18333,8.55,8.48333,7.31667,False,America/New_York,America/New_York
2075,1996-05-23,GSO,LGA,8.51667,9.91667,8.5,9.8,9.73333,8.63333,False,America/New_York,America/New_York
2359,1996-05-23,GSO,LGA,12.5167,13.9167,12.55,13.9833,13.8833,12.7167,False,America/New_York,America/New_York
2360,1996-05-23,GSO,LGA,14.85,16.3167,14.9333,16.4,16.1833,15.0333,False,America/New_York,America/New_York
2221,1996-05-23,GSO,LGA,17.7333,19.2,18.2333,19.6333,19.55,18.3833,False,America/New_York,America/New_York
1246,1996-05-23,MIA,LGA,6.93333,9.76667,6.9,9.78333,9.65,7.13333,False,America/New_York,America/New_York
992,1996-05-23,MIA,LGA,7.05,9.91667,7.01667,9.83333,9.8,7.3,False,America/New_York,America/New_York
1132,1996-05-23,MIA,LGA,7.68333,10.5833,8.73333,11.6,11.5333,9.05,False,America/New_York,America/New_York
684,1996-05-23,MIA,LGA,9.76667,12.4667,9.76667,12.4,12.3333,9.93333,False,America/New_York,America/New_York
1194,1996-05-23,MIA,LGA,11.1833,14.1333,11.1667,14.4167,14.35,11.7167,False,America/New_York,America/New_York
1462,1996-05-23,MIA,LGA,13.6,16.6167,13.5833,16.7,16.5333,13.9667,False,America/New_York,America/New_York
508,1996-05-23,MIA,LGA,13.9333,16.9167,13.9167,16.85,16.7833,14.3167,False,America/New_York,America/New_York
2152,1996-05-23,MIA,LGA,15.35,18.2333,15.3667,18.2333,18.15,15.8,False,America/New_York,America/New_York
816,1996-05-23,MIA,LGA,17.0167,19.9333,17.5833,20.6,20.5333,18.1,False,America/New_York,America/New_York
800,1996-05-23,MIA,LGA,18.0167,20.9333,17.95,20.7,20.6167,18.3167,False,America/New_York,America/New_York
882,1996-05-23,MIA,LGA,18.6833,21.45,18.7333,21.5667,21.4833,19.0833,False,America/New_York,America/New_York
1542,1996-05-23,MIA,LGA,19.4333,22.4167,19.7,22.5167,22.45,20.05,False,America/New_York,America/New_York
1986,1996-05-23,MIA,LGA,20.9333,23.7167,21.2167,23.8667,23.7833,21.4833,False,America/New_York,America/New_York
2235,1996-05-23,RDU,LGA,6.93333,8.38333,6.93333,8.18333,8.11667,7.01667,False,America/New_York,America/New_York
2141,1996-05-23,RDU,LGA,10.5167,11.9667,10.5,11.8167,11.7333,10.6167,False,America/New_York,America/New_York
1502,1996-05-23,RDU,LGA,13.5167,14.9667,13.65,15.0833,14.8,13.75,False,America/New_York,America/New_York
1436,1996-05-23,RDU,LGA,17.6,19.05,17.8333,19.2167,19.0833,17.9667,False,America/New_York,America/New_York
207,1996-05-23,SYR,LGA,6.93333,7.93333,7,7.75,7.7,7.08333,False,America/New_York,America/New_York
1833,1996-05-23,SYR,LGA,17.3667,18.35,17.5833,18.35,18.2667,17.6667,False,America/New_York,America/New_York
256,1996-05-23,CLE,LGA,7.01667,8.43333,7.01667,8.45,8.33333,7.3,False,America/New_York,America/New_York
1172,1996-05-23,CLE,LGA,10.35,11.7,10.35,11.9333,11.85,10.8167,False,America/New_York,America/New_York
482,1996-05-23,CLE,LGA,14.0167,15.4333,15.0167,16.45,16.2333,15.15,False,America/New_York,America/New_York
432,1996-05-23,CLE,LGA,15.2667,16.6833,15.2667,16.8,16.6167,15.4833,False,America/New_York,America/New_York
1098,1996-05-23,CLE,LGA,17.35,18.7667,17.3833,18.7333,18.6,17.5333,False,America/New_York,America/New_York
1994,1996-05-23,CLE,LGA,20.1,21.4833,20.0667,21.4833,21.3833,20.3667,False,America/New_York,America/New_York
1586,1996-05-23,IAD,LGA,7.01667,8.01667,7.01667,8.1,7.98333,7.31667,False,America/New_York,America/New_York
1410,1996-05-23,IAD,LGA,17.1,18.2167,17.3,18.3167,18.2333,17.5167,False,America/New_York,America/New_York
66,1996-05-23,IAD,LGA,21.35,22.4167,21.7167,22.7167,22.6333,21.9667,False,America/New_York,America/New_York
1622,1996-05-23,IND,LGA,7.91667,9.91667,7.88333,9.83333,10.5667,8.06667,False,America/Indiana/Indianapolis,America/New_York
1003,1996-05-23,IND,LGA,13.75,15.9333,13.7167,15.8167,16.4333,13.8667,False,America/Indiana/Indianapolis,America/New_York
255,1996-05-23,IND,LGA,19,21.05,19.2667,21.2,21.95,19.5,False,America/Indiana/Indianapolis,America/New_York
1244,1996-05-23,CVG,LGA,7.26667,8.95,7.26667,8.76667,8.68333,7.4,False,America/New_York,America/New_York
1648,1996-05-23,CVG,LGA,9.01667,10.7167,9.05,11.4167,11.25,9.81667,False,America/New_York,America/New_York
712,1996-05-23,CVG,LGA,10.9333,12.5833,10.9333,12.5,12.3833,11.0667,False,America/New_York,America/New_York
174,1996-05-23,CVG,LGA,14.9333,16.9,15.1667,17.45,17.15,15.7167,False,America/New_York,America/New_York
850,1996-05-23,CVG,LGA,18.85,20.5833,19.0167,20.9,20.8667,19.5833,False,America/New_York,America/New_York
1146,1996-05-23,CVG,LGA,22.35,24.0333,22.5,24.1667,24.0833,22.8333,False,America/New_York,America/New_York
271,1996-05-23,RIC,LGA,7.26667,8.43333,7.25,8.25,8.18333,7.41667,False,America/New_York,America/New_York
2143,1996-05-23,RIC,LGA,10.0167,11.1333,9.98333,10.9,10.8333,10.1,False,America/New_York,America/New_York
668,1996-05-23,RIC,LGA,13.2667,14.4,13.2667,14.3167,14.2333,13.3833,False,America/New_York,America/New_York
582,1996-05-23,RIC,LGA,16.6,17.7333,17.7167,18.85,18.7667,17.9,False,America/New_York,America/New_York
1896,1996-05-23,TPA,LGA,7.51667,10.1,7.55,10.0667,9.96667,7.7,False,America/New_York,America/New_York
606,1996-05-23,TPA,LGA,10.6,13.05,10.55,13.0667,12.9167,10.7667,False,America/New_York,America/New_York
1286,1996-05-23,TPA,LGA,10.6,13.2167,10.65,13.1333,13.05,10.8167,False,America/New_York,America/New_York
2128,1996-05-23,TPA,LGA,18.0167,20.4667,17.9667,20.45,20.35,18.1667,False,America/New_York,America/New_York
1874,1996-05-23,TPA,LGA,19.35,21.9167,19.5167,21.8833,21.8333,19.75,False,America/New_York,America/New_York
468,1996-05-23,STL,LGA,8.51667,11,8.68333,11.3833,12.2,9.08333,False,America/Chicago,America/New_York
140,1996-05-23,STL,LGA,10.9667,13.4,11.2833,13.7833,14.6333,11.65,False,America/Chicago,America/New_York
114,1996-05-23,STL,LGA,14.0167,16.5,14.1333,16.6833,17.4833,14.3667,False,America/Chicago,America/New_York
160,1996-05-23,STL,LGA,16.2667,18.9,16.35,19.0333,19.8333,16.8333,False,America/Chicago,America/New_York
300,1996-05-23,STL,LGA,17.9333,20.4833,19.2,21.6167,22.4667,19.5167,False,America/Chicago,America/New_York
546,1996-05-23,STL,LGA,19.4333,21.9667,19.9167,22.35,23.1833,20.3,False,America/Chicago,America/New_York
444,1996-05-23,STL,LGA,22.0167,24.3833,22.2333,24.5333,25.3667,22.45,False,America/Chicago,America/New_York
2201,1996-05-23,MCO,LGA,7.76667,10.4,7.73333,10.1167,10.05,7.91667,False,America/New_York,America/New_York
236,1996-05-23,MCO,LGA,8.1,10.4333,8.46667,10.8,10.6667,8.61667,False,America/New_York,America/New_York
344,1996-05-23,MCO,LGA,11.5833,14.0167,11.5833,14.25,14,11.8833,False,America/New_York,America/New_York
2219,1996-05-23,MCO,LGA,11.6,14.2667,11.8333,14.2833,14.1833,11.9833,False,America/New_York,America/New_York
208,1996-05-23,MCO,LGA,13.9333,16.5,14.0167,16.6833,16.4333,14.1667,False,America/New_York,America/New_York
1160,1996-05-23,MCO,LGA,14.5167,17.0167,14.4667,17.15,16.9667,14.6667,False,America/New_York,America/New_York
1228,1996-05-23,MCO,LGA,16.5167,18.9,16.9167,19.35,19.2167,17.1833,False,America/New_York,America/New_York
1676,1996-05-23,MCO,LGA,19.6833,22.0667,19.7167,21.95,21.8833,19.85,False,America/New_York,America/New_York
1018,1996-05-23,MCO,LGA,20.5167,23.15,20.6833,23.0833,23,20.8833,False,America/New_York,America/New_York
658,1996-05-23,FLL,LGA,7.93333,10.5167,8,10.6167,10.5167,8.18333,False,America/New_York,America/New_York
1114,1996-05-23,FLL,LGA,11.1,13.9167,11.55,14.4167,14.3333,11.7333,False,America/New_York,America/New_York
406,1996-05-23,FLL,LGA,11.1833,13.9167,11.2333,13.9333,13.75,11.4833,False,America/New_York,America/New_York
2043,1996-05-23,FLL,LGA,12.9333,15.9333,12.8833,15.8,15.5333,13.1167,False,America/New_York,America/New_York
792,1996-05-23,FLL,LGA,16.85,19.65,16.8833,19.6833,19.45,17.0833,False,America/New_York,America/New_York
2168,1996-05-23,FLL,LGA,19.35,22.2167,19.45,22.05,22.0167,19.65,False,America/New_York,America/New_York
1668,1996-05-23,IAH,LGA,8.85,12.2333,9.81667,12.9667,13.8167,9.93333,False,America/Chicago,America/New_York
1733,1996-05-23,IAH,LGA,10.6,13.9167,10.55,14.05,14.8667,10.7333,False,America/Chicago,America/New_York
1676,1996-05-23,IAH,LGA,11.9333,15.3167,11.95,15.3833,16.15,12.2,False,America/Chicago,America/New_York
1780,1996-05-23,IAH,LGA,14.1833,17.55,14.2667,17.75,18.55,14.55,False,America/Chicago,America/New_York
446,1996-05-23,IAH,LGA,15.1833,18.6167,15.2667,18.5833,19.4167,15.4833,False,America/Chicago,America/New_York
1942,1996-05-23,IAH,LGA,16.7667,20.15,16.8,20.25,21.0333,17.0667,False,America/Chicago,America/New_York
538,1996-05-23,IAH,LGA,18.35,21.75,18.4333,21.7667,22.5833,18.6833,False,America/Chicago,America/New_York
1708,1996-05-23,IAH,LGA,19.6,23.0333,19.6167,22.9333,23.7333,19.8333,False,America/Chicago,America/New_York
1678,1996-05-23,DEN,LGA,10.25,13.7167,10.2833,13.6333,15.6,10.5333,False,America/Denver,America/New_York
506,1996-05-23,DEN,LGA,12.6667,16.15,12.8667,16.2333,18.2,13.0667,False,America/Denver,America/New_York
1520,1996-05-23,DEN,LGA,14.6333,18.1833,14.8667,18.2333,20.2333,15.0333,False,America/Denver,America/New_York
780,1996-05-23,DEN,LGA,17.5,20.85,17.7167,20.9,22.8833,17.95,False,America/Denver,America/New_York
1708,1996-05-23,DEN,LGA,18.6667,22.15,19.0833,22.3667,24.3833,19.25,False,America/Denver,America/New_York
218,1996-05-23,DEN,LGA,20.5,23.9167,20.55,23.9167,25.9167,20.9167,False,America/Denver,America/New_York
519,1996-05-23,PIT,LGA,8.18333,9.41667,8.6,9.78333,9.71667,8.86667,False,America/New_York,America/New_York
987,1996-05-23,PIT,LGA,11.6833,12.9333,11.7167,12.8167,12.7167,11.8667,False,America/New_York,America/New_York
970,1996-05-23,PIT,LGA,14.1833,15.4333,14.3833,15.5833,15.4833,14.6,False,America/New_York,America/New_York
1190,1996-05-23,PIT,LGA,15.9333,17.1667,16.15,17.3333,17.2333,16.3167,False,America/New_York,America/New_York
1140,1996-05-23,PIT,LGA,16.1,17.4333,16.45,17.6833,17.5333,16.6833,False,America/New_York,America/New_York
1993,1996-05-23,PIT,LGA,17.6833,18.9167,17.85,19.1167,19,18,False,America/New_York,America/New_York
588,1996-05-23,PIT,LGA,20.0167,21.2667,20.1167,21.2,21.15,20.3,False,America/New_York,America/New_York
10,1996-05-23,PIT,LGA,21.5167,22.75,21.5167,22.8333,22.7,21.8167,False,America/New_York,America/New_York
1088,1996-05-23,BNA,LGA,9.36667,11.4667,9.35,11.4833,12.3167,9.51667,False,America/Chicago,America/New_York
1192,1996-05-23,BNA,LGA,13.85,15.9667,13.8333,15.95,16.8,13.9667,False,America/Chicago,America/New_York
1174,1996-05-23,BNA,LGA,19.8333,21.9333,20.7833,22.95,23.7,20.95,False,America/Chicago,America/New_York
375,1996-05-23,BWI,LGA,8.5,9.43333,8.73333,9.51667,9.45,8.88333,False,America/New_York,America/New_York
1680,1996-05-23,BWI,LGA,12.2667,13.1833,12.2833,13.1,13,12.4167,False,America/New_York,America/New_York
1596,1996-05-23,BWI,LGA,15.9333,16.9167,15.9833,17.05,16.8667,16.1333,False,America/New_York,America/New_York
915,1996-05-23,BWI,LGA,20.1833,21.1,20.2167,21.0333,20.9833,20.4167,False,America/New_York,America/New_York
60,1996-05-23,CLT,LGA,8.51667,10.2333,8.71667,10.2167,10.15,8.86667,False,America/New_York,America/New_York
1516,1996-05-23,CLT,LGA,9.93333,11.6833,9.95,11.6833,11.6,10.2167,False,America/New_York,America/New_York
1272,1996-05-23,CLT,LGA,12.2667,13.9167,14.4833,16.0667,15.95,14.6333,False,America/New_York,America/New_York
287,1996-05-23,CLT,LGA,13.7667,15.4333,13.8333,15.4167,15.35,14,False,America/New_York,America/New_York
981,1996-05-23,CLT,LGA,15.2667,16.9333,15.6333,17.3333,17.1333,15.8,False,America/New_York,America/New_York
973,1996-05-23,CLT,LGA,16.6833,18.4,16.8333,18.4333,18.3333,16.9833,False,America/New_York,America/New_York
1128,1996-05-23,CLT,LGA,18.4333,20.1,18.6333,20.1667,20.0667,18.7833,False,America/New_York,America/New_York
791,1996-05-23,CLT,LGA,18.6833,20.4167,18.75,20.6667,20.3833,19.0833,False,America/New_York,America/New_York
960,1996-05-23,CLT,LGA,19.9333,21.6,20,21.5833,21.4333,20.15,False,America/New_York,America/New_York
2335,1996-05-23,CLT,LGA,21.6833,23.3833,21.85,23.5167,23.4167,22.1667,False,America/New_York,America/New_York
630,1996-05-23,MEM,LGA,9.85,12.35,9.95,12.4833,13.2833,10.2167,False,America/Chicago,America/New_York
550,1996-05-23,MEM,LGA,15.0167,17.65,24.85,47.9333,24.85,24.85,True,America/Chicago,America/New_York
988,1996-05-23,MEM,LGA,20.6833,23.1333,20.6667,22.95,23.75,20.8167,False,America/Chicago,America/New_York
2152,1996-05-23,MSY,LGA,11.85,14.85,11.8167,15.15,15.5333,11.9833,False,America/Chicago,America/New_York
702,1996-05-23,PBI,LGA,11.2667,13.9333,11.3,14.15,13.9667,11.5833,False,America/New_York,America/New_York
1186,1996-05-23,PBI,LGA,11.7667,14.4833,11.85,14.5167,14.4333,12.0333,False,America/New_York,America/New_York
396,1996-05-23,PBI,LGA,11.8333,14.4333,11.8333,14.6,14.4667,12.1167,False,America/New_York,America/New_York
530,1996-05-23,PBI,LGA,18.85,21.3,18.8667,21.4333,21.3,19.0667,False,America/New_York,America/New_York
1554,1996-05-23,PBI,LGA,19.1,21.8167,19.1833,21.7167,21.6,19.3167,False,America/New_York,America/New_York
1261,1996-05-23,RSW,LGA,12.0167,14.7667,11.9667,14.65,14.5333,12.15,False,America/New_York,America/New_York
288,1996-05-23,CHS,LGA,12.1833,13.9167,12.4333,14.2,14.1,12.5833,False,America/New_York,America/New_York
2139,1996-05-23,MCI,LGA,13.6833,16.5,13.7833,16.6667,17.3167,13.95,False,America/Chicago,America/New_York
878,1996-05-23,MCI,LGA,19.4333,22.25,19.8833,22.5167,23.3167,20.05,False,America/Chicago,America/New_York
1691,1996-05-23,SDF,LGA,17.7167,18.8333,17.75,19,19.65,18.0167,False,America/Kentucky/Louisville,America/New_York
315,1996-05-23,DAY,LGA,17.0167,18.7667,17.0667,18.6667,18.5833,17.2167,False,America/New_York,America/New_York
926,1996-05-23,GSP,LGA,17.8333,19.5167,17.9,19.5,19.4167,18.0167,False,America/New_York,America/New_York
1290,1996-05-23,JAX,LGA,18.6,20.7667,18.6667,20.85,20.7667,18.8167,False,America/New_York,America/New_York
