flight_number,date,origin_airport,destination_airport,scheduled_departure_time,scheduled_arrival_time,actual_departure_time,actual_arrival_time,wheels_on_time,wheels_off_time,cancelled,origin_time_zone,destination_time_zone
4863,2009-03-05,CMH,LGA,5.6,7.25,5.56667,7.08333,6.96667,5.8,False,America/New_York,America/New_York
4870,2009-03-05,CMH,LGA,6.93333,8.68333,6.85,8.7,8.61667,7.25,False,America/New_York,America/New_York
4835,2009-03-05,CMH,LGA,8.43333,10.35,8.35,10.0667,9.95,8.63333,False,America/New_York,America/New_York
4858,2009-03-05,CMH,LGA,11.35,13.0167,11.4167,13.1,12.95,11.6667,False,America/New_York,America/New_York
6720,2009-03-05,CMH,LGA,13.1833,15.0333,13.0167,15.0333,14.7667,13.3333,False,America/New_York,America/New_York
4857,2009-03-05,CMH,LGA,15.2667,17.1,15.15,16.6667,16.6,15.3,False,America/New_York,America/New_York
4918,2009-03-05,CMH,LGA,18.1,19.9333,17.95,19.55,19.4833,18.2,False,America/New_York,America/New_York
2553,2009-03-05,MBS,LGA,6.53333,8.18333,6.36667,7.8,8.21667,6.71667,False,America/Detroit,America/New_York
398,2009-03-05,ORD,LGA,6.85,8.93333,6.9,9,9.85,7.11667,False,America/Chicago,America/New_York
668,2009-03-05,ORD,LGA,6.91667,9.1,6.83333,9.15,9.9,7.18333,False,America/Chicago,America/New_York
394,2009-03-05,ORD,LGA,7.51667,9.68333,7.41667,9.45,10.2833,7.58333,False,America/Chicago,America/New_York
670,2009-03-05,ORD,LGA,7.91667,10.1333,7.91667,10.25,11.1,8.38333,False,America/Chicago,America/New_York
392,2009-03-05,ORD,LGA,8.76667,10.9333,8.73333,10.7667,11.6,8.93333,False,America/Chicago,America/New_York
672,2009-03-05,ORD,LGA,8.93333,11.1667,8.78333,10.8,11.65,9,False,America/Chicago,America/New_York
386,2009-03-05,ORD,LGA,9.68333,11.9167,9.58333,11.5333,12.3833,9.8,False,America/Chicago,America/New_York
674,2009-03-05,ORD,LGA,9.81667,12.05,9.68333,11.7,12.55,9.93333,False,America/Chicago,America/New_York
382,2009-03-05,ORD,LGA,10.6833,12.9167,10.65,12.5833,13.4167,10.8167,False,America/Chicago,America/New_York
676,2009-03-05,ORD,LGA,10.8167,13.1833,10.7,12.7333,13.5833,10.9167,False,America/Chicago,America/New_York
678,2009-03-05,ORD,LGA,11.9333,14.2833,11.85,14.1833,15,12.1,False,America/Chicago,America/New_York
378,2009-03-05,ORD,LGA,12.1,14.2667,12.0667,14.3167,15.15,12.2667,False,America/Chicago,America/New_York
680,2009-03-05,ORD,LGA,12.9333,15.2667,12.8333,14.9,15.7333,13.05,False,America/Chicago,America/New_York
374,2009-03-05,ORD,LGA,13.1833,15.4333,13.1,15.1,15.9667,13.35,False,America/Chicago,America/New_York
682,2009-03-05,ORD,LGA,13.9333,16.2667,13.8833,15.9333,16.7667,14.1333,False,America/Chicago,America/New_York
370,2009-03-05,ORD,LGA,14.1,16.35,14.0167,16.3333,17.2,14.35,False,America/Chicago,America/New_York
366,2009-03-05,ORD,LGA,14.7667,17.0167,14.6833,16.7667,17.5833,15,False,America/Chicago,America/New_York
684,2009-03-05,ORD,LGA,14.9333,17.2833,14.7833,16.8333,17.7,15.1,False,America/Chicago,America/New_York
686,2009-03-05,ORD,LGA,15.9167,18.2667,15.8167,17.9167,18.7167,16.0833,False,America/Chicago,America/New_York
360,2009-03-05,ORD,LGA,16.1,18.4333,16.0167,18,18.85,16.25,False,America/Chicago,America/New_York
358,2009-03-05,ORD,LGA,16.9333,19.2667,16.8,19.3667,20.1167,17.3667,False,America/Chicago,America/New_York
688,2009-03-05,ORD,LGA,16.9333,19.2833,16.7833,18.9667,19.7833,17.1167,False,America/Chicago,America/New_York
354,2009-03-05,ORD,LGA,17.85,20.2667,17.75,19.8667,20.55,18,False,America/Chicago,America/New_York
690,2009-03-05,ORD,LGA,17.85,20.1667,17.7333,19.85,20.6,18.0833,False,America/Chicago,America/New_York
352,2009-03-05,ORD,LGA,18.85,21.1833,19.05,21.0833,21.9333,19.35,False,America/Chicago,America/New_York
836,2009-03-05,ORD,LGA,18.9333,21.25,19.2667,21.3167,22.15,19.5667,False,America/Chicago,America/New_York
350,2009-03-05,ORD,LGA,19.5167,21.7667,19.7333,21.95,22.7667,20.1167,False,America/Chicago,America/New_York
348,2009-03-05,ORD,LGA,20.1,22.35,20.0833,22.2,22.9167,20.3167,False,America/Chicago,America/New_York
346,2009-03-05,ORD,LGA,20.7667,23.0167,20.7333,22.75,23.4333,20.9667,False,America/Chicago,America/New_York
336,2009-03-05,ORD,LGA,21.4333,23.5167,21.9167,23.7167,24.5833,22.0833,False,America/Chicago,America/New_York
694,2009-03-05,ORD,LGA,21.7833,23.8167,21.7333,23.7167,24.5333,22.0667,False,America/Chicago,America/New_York
370,2009-03-05,FLL,LGA,5.93333,8.71667,5.86667,9.2,9,6.16667,False,America/New_York,America/New_York
1456,2009-03-05,FLL,LGA,6.93333,10.0167,6.83333,10.1833,10.0167,7.15,False,America/New_York,America/New_York
372,2009-03-05,FLL,LGA,9.63333,12.4333,9.6,12.8667,12.7833,9.96667,False,America/New_York,America/New_York
1458,2009-03-05,FLL,LGA,10.8667,13.9,10.8,14.1333,14,11.2,False,America/New_York,America/New_York
376,2009-03-05,FLL,LGA,12.45,15.5167,12.4167,15.7833,15.7,12.9833,False,America/New_York,America/New_York
1460,2009-03-05,FLL,LGA,14.95,18.05,14.8167,18,17.8667,15.1,False,America/New_York,America/New_York
378,2009-03-05,FLL,LGA,18.0167,20.9667,18.1833,21.15,21.0833,18.3667,False,America/New_York,America/New_York
1462,2009-03-05,FLL,LGA,18.7,21.6833,18.5667,21.65,21.5333,18.9167,False,America/New_York,America/New_York
382,2009-03-05,FLL,LGA,20.1833,22.9667,20.2,23.3167,23.25,20.6667,False,America/New_York,America/New_York
1371,2009-03-05,BOS,LGA,5.93333,7.15,5.91667,7,6.95,6.33333,False,America/New_York,America/New_York
2115,2009-03-05,BOS,LGA,5.93333,7.05,5.83333,6.85,6.73333,6.08333,False,America/New_York,America/New_York
4814,2009-03-05,BOS,LGA,5.93333,7.25,5.91667,7.11667,7.05,6.46667,False,America/New_York,America/New_York
1373,2009-03-05,BOS,LGA,6.43333,7.71667,6.38333,7.53333,7.45,6.71667,False,America/New_York,America/New_York
2117,2009-03-05,BOS,LGA,6.93333,8.25,6.75,8.01667,7.75,6.98333,False,America/New_York,America/New_York
1375,2009-03-05,BOS,LGA,7.43333,8.75,7.4,8.4,8.35,7.71667,False,America/New_York,America/New_York
2197,2009-03-05,BOS,LGA,7.43333,8.73333,7.31667,8.41667,8.2,7.55,False,America/New_York,America/New_York
2119,2009-03-05,BOS,LGA,7.93333,9.18333,7.8,8.93333,8.8,8.13333,False,America/New_York,America/New_York
4808,2009-03-05,BOS,LGA,7.93333,9.18333,7.86667,8.98333,8.9,8.23333,False,America/New_York,America/New_York
1377,2009-03-05,BOS,LGA,8.43333,9.75,8.46667,9.53333,9.48333,8.8,False,America/New_York,America/New_York
2121,2009-03-05,BOS,LGA,8.93333,10.35,8.83333,10.0333,9.91667,9.08333,False,America/New_York,America/New_York
1379,2009-03-05,BOS,LGA,9.43333,10.8333,9.4,10.3667,10.3167,9.63333,False,America/New_York,America/New_York
2123,2009-03-05,BOS,LGA,9.93333,11.2,23.9333,23.9333,23.9333,23.9333,True,America/New_York,America/New_York
1381,2009-03-05,BOS,LGA,10.4333,11.5667,10.3833,11.35,11.2833,10.6667,False,America/New_York,America/New_York
2125,2009-03-05,BOS,LGA,10.9333,12.2,10.8333,11.8,11.7,11.1,False,America/New_York,America/New_York
4836,2009-03-05,BOS,LGA,11.1833,12.4333,11.1,12.0833,12,11.3833,False,America/New_York,America/New_York
1383,2009-03-05,BOS,LGA,11.4333,12.6167,11.4333,12.2833,12.2333,11.6167,False,America/New_York,America/New_York
2127,2009-03-05,BOS,LGA,11.9333,13.1667,11.8833,12.7833,12.6833,12.05,False,America/New_York,America/New_York
1385,2009-03-05,BOS,LGA,12.4333,13.6,12.4,13.3667,13.3167,12.6667,False,America/New_York,America/New_York
2129,2009-03-05,BOS,LGA,12.9333,14.2,12.8167,14.05,13.8667,13.0667,False,America/New_York,America/New_York
1387,2009-03-05,BOS,LGA,13.4333,14.6,13.4,14.5,14.4333,13.6667,False,America/New_York,America/New_York
2131,2009-03-05,BOS,LGA,13.9333,15.1833,13.8,15.0667,14.95,14.0667,False,America/New_York,America/New_York
1389,2009-03-05,BOS,LGA,14.4333,15.5667,14.4,15.5167,15.4667,14.75,False,America/New_York,America/New_York
2133,2009-03-05,BOS,LGA,14.9333,16.15,14.85,15.9333,15.7667,15.0833,False,America/New_York,America/New_York
4810,2009-03-05,BOS,LGA,15.1,16.4333,14.9833,15.9667,15.9,15.2,False,America/New_York,America/New_York
1391,2009-03-05,BOS,LGA,15.4333,16.65,15.3833,16.75,16.7,15.6667,False,America/New_York,America/New_York
2135,2009-03-05,BOS,LGA,15.9333,17.15,15.95,17.0667,16.95,16.1333,False,America/New_York,America/New_York
1393,2009-03-05,BOS,LGA,16.4333,17.7167,16.3833,17.3667,17.3,16.6667,False,America/New_York,America/New_York
4823,2009-03-05,BOS,LGA,16.6,17.9167,16.5167,18.1667,17.5667,16.7833,False,America/New_York,America/New_York
2137,2009-03-05,BOS,LGA,16.9333,18.2167,16.85,18,17.8833,17.1667,False,America/New_York,America/New_York
1395,2009-03-05,BOS,LGA,17.4333,18.6667,17.4167,18.4333,18.3667,17.6833,False,America/New_York,America/New_York
2139,2009-03-05,BOS,LGA,17.9333,19.2833,17.9167,19.3167,19.1833,18.2167,False,America/New_York,America/New_York
1397,2009-03-05,BOS,LGA,18.4333,19.6667,18.4167,19.4667,19.4167,18.65,False,America/New_York,America/New_York
4806,2009-03-05,BOS,LGA,18.7667,20.1,18.8,20.0167,19.9333,19.1667,False,America/New_York,America/New_York
2141,2009-03-05,BOS,LGA,18.9333,20.25,18.85,20.2,20.0667,19.2833,False,America/New_York,America/New_York
1399,2009-03-05,BOS,LGA,19.4333,20.6167,19.3667,20.3667,20.3,19.65,False,America/New_York,America/New_York
2143,2009-03-05,BOS,LGA,19.9333,21.2,19.75,20.9,20.8,20.1,False,America/New_York,America/New_York
6492,2009-03-05,RIC,LGA,5.93333,7.25,5.93333,7.45,7.28333,6.35,False,America/New_York,America/New_York
6484,2009-03-05,RIC,LGA,10.7667,12.15,10.6833,12.0667,11.95,10.95,False,America/New_York,America/New_York
6748,2009-03-05,RIC,LGA,14.0167,15.4333,13.9833,15.35,15.2167,14.35,False,America/New_York,America/New_York
6488,2009-03-05,RIC,LGA,17.35,18.9333,17.1833,18.6833,18.5167,17.5167,False,America/New_York,America/New_York
6528,2009-03-05,LEX,LGA,5.93333,7.9,5.76667,8.1,7.83333,6.01667,False,America/New_York,America/New_York
2158,2009-03-05,DCA,LGA,5.93333,6.83333,5.85,6.75,6.68333,6.03333,False,America/New_York,America/New_York
2160,2009-03-05,DCA,LGA,6.93333,8.26667,6.86667,8.45,8.28333,7.36667,False,America/New_York,America/New_York
2162,2009-03-05,DCA,LGA,7.93333,9.16667,7.86667,9.35,9.25,8.33333,False,America/New_York,America/New_York
2164,2009-03-05,DCA,LGA,8.93333,10.35,8.78333,10.1,10,9.2,False,America/New_York,America/New_York
2166,2009-03-05,DCA,LGA,9.93333,11.1833,10.75,12.0167,11.9167,11.2167,False,America/New_York,America/New_York
2168,2009-03-05,DCA,LGA,10.9333,12.1333,10.8333,12.3,12.15,11.2833,False,America/New_York,America/New_York
2170,2009-03-05,DCA,LGA,11.9333,13.0833,11.8333,13.0667,12.9333,12.1833,False,America/New_York,America/New_York
2172,2009-03-05,DCA,LGA,12.9333,14.3167,23.9333,23.9333,23.9333,23.9333,True,America/New_York,America/New_York
2174,2009-03-05,DCA,LGA,13.9333,15.2333,13.8333,15.0833,14.9333,14.1333,False,America/New_York,America/New_York
2176,2009-03-05,DCA,LGA,14.9333,16.2333,15.05,16.4,16.3,15.4,False,America/New_York,America/New_York
2178,2009-03-05,DCA,LGA,15.9333,17.2167,15.8333,17.0833,16.9833,16.1,False,America/New_York,America/New_York
2180,2009-03-05,DCA,LGA,16.9333,18.2833,16.85,18.2667,18.15,17.3,False,America/New_York,America/New_York
2182,2009-03-05,DCA,LGA,17.9333,19.2833,17.8333,19.1833,19.0167,18.2167,False,America/New_York,America/New_York
2184,2009-03-05,DCA,LGA,18.9333,20.2667,18.85,20.3333,20.1833,19.4167,False,America/New_York,America/New_York
2186,2009-03-05,DCA,LGA,19.9333,21.3167,19.8167,20.9833,20.9,20.1833,False,America/New_York,America/New_York
2188,2009-03-05,DCA,LGA,20.9333,22.1167,20.9,22.1,21.95,21.1,False,America/New_York,America/New_York
4751,2009-03-05,RDU,LGA,5.93333,7.51667,5.91667,7.85,7.78333,6.4,False,America/New_York,America/New_York
6628,2009-03-05,RDU,LGA,6.01667,7.75,6.01667,8.26667,8.1,6.71667,False,America/New_York,America/New_York
4727,2009-03-05,RDU,LGA,7.43333,9.1,7.31667,9.25,9.15,7.83333,False,America/New_York,America/New_York
4728,2009-03-05,RDU,LGA,8.43333,9.93333,8.35,10.2333,10.15,8.81667,False,America/New_York,America/New_York
6624,2009-03-05,RDU,LGA,8.76667,10.5,8.76667,10.3667,10.2833,8.93333,False,America/New_York,America/New_York
4734,2009-03-05,RDU,LGA,9.51667,11.1,9.48333,11.0833,11,9.73333,False,America/New_York,America/New_York
4717,2009-03-05,RDU,LGA,10.5167,12.1,10.4,11.8833,11.8167,10.6,False,America/New_York,America/New_York
6476,2009-03-05,RDU,LGA,12.5167,14.1667,12.4333,14.4333,14.2667,12.9167,False,America/New_York,America/New_York
4732,2009-03-05,RDU,LGA,12.6833,14.35,12.5,14.4833,14.3667,13,False,America/New_York,America/New_York
6428,2009-03-05,RDU,LGA,14.2667,15.8667,14.1167,16.1667,15.9833,14.6,False,America/New_York,America/New_York
4731,2009-03-05,RDU,LGA,15.35,16.9333,15.2833,17.0167,16.9333,15.6667,False,America/New_York,America/New_York
4730,2009-03-05,RDU,LGA,16.0167,17.6,15.8833,17.4167,17.3333,16.1833,False,America/New_York,America/New_York
6630,2009-03-05,RDU,LGA,16.2667,17.8333,16.2667,18.2,18.05,16.7833,False,America/New_York,America/New_York
4735,2009-03-05,RDU,LGA,17.0167,18.6,16.9667,18.75,18.6167,17.25,False,America/New_York,America/New_York
4775,2009-03-05,RDU,LGA,18.1,19.75,17.9167,19.5167,19.3833,18.1167,False,America/New_York,America/New_York
6522,2009-03-05,RDU,LGA,18.5167,20.45,18.5167,20.2667,20.1,18.7667,False,America/New_York,America/New_York
4745,2009-03-05,RDU,LGA,19.2667,20.9167,19.2,20.6833,20.6,19.3667,False,America/New_York,America/New_York
4821,2009-03-05,DSM,LGA,6.85,9.6,6.76667,9.25,10.1,6.88333,False,America/Chicago,America/New_York
2851,2009-03-05,DSM,LGA,15.9333,18.85,15.8667,18.4833,19.2,16.0333,False,America/Chicago,America/New_York
6754,2009-03-05,TYS,LGA,6.01667,8.16667,5.85,8.18333,7.98333,6.01667,False,America/New_York,America/New_York
6618,2009-03-05,TYS,LGA,17.25,19.4333,17.0833,19.1833,18.95,17.2667,False,America/New_York,America/New_York
526,2009-03-05,DTW,LGA,6.66667,7.91667,7,8.48333,8.83333,7.41667,False,America/Detroit,America/New_York
4877,2009-03-05,DTW,LGA,6.78333,7.91667,6.78333,8.05,8.51667,7.08333,False,America/Detroit,America/New_York
540,2009-03-05,DTW,LGA,9.38333,10.55,9.31667,11.0167,11.4667,10.1333,False,America/Detroit,America/New_York
542,2009-03-05,DTW,LGA,10.6167,11.7667,10.5833,11.7,12.1667,10.9333,False,America/Detroit,America/New_York
1720,2009-03-05,DTW,LGA,12.5,13.7333,12.3333,13.5667,14,12.7,False,America/Detroit,America/New_York
4868,2009-03-05,DTW,LGA,12.6167,13.85,12.8333,14.2,14.65,13.1167,False,America/Detroit,America/New_York
1632,2009-03-05,DTW,LGA,14.1667,15.35,14.1167,15.25,15.7333,14.45,False,America/Detroit,America/New_York
530,2009-03-05,DTW,LGA,16.0167,17.3,16,17.1167,17.6,16.3333,False,America/Detroit,America/New_York
4876,2009-03-05,DTW,LGA,16.8667,18.1,16.75,18.0667,18.5167,17.1833,False,America/Detroit,America/New_York
536,2009-03-05,DTW,LGA,17.7167,18.9833,17.9,19.2333,19.7,18.1833,False,America/Detroit,America/New_York
538,2009-03-05,DTW,LGA,19.9667,21.2667,20.4167,22.1167,22.5167,21.1167,False,America/Detroit,America/New_York
534,2009-03-05,DTW,LGA,22,23.15,21.95,23.0167,23.4667,22.2667,False,America/Detroit,America/New_York
6540,2009-03-05,CHS,LGA,6.18333,8.26667,6.18333,8.51667,8.35,6.48333,False,America/New_York,America/New_York
6456,2009-03-05,CHS,LGA,8.18333,10.2,8.18333,10.5167,10.35,8.56667,False,America/New_York,America/New_York
6374,2009-03-05,CHS,LGA,10.8333,12.9167,11.6833,13.65,13.5167,11.8167,False,America/New_York,America/New_York
6734,2009-03-05,CHS,LGA,11.9333,14.0667,12.1,14.2667,14.1667,12.4167,False,America/New_York,America/New_York
6410,2009-03-05,CHS,LGA,17.6833,19.9,17.6833,19.9667,19.7333,17.85,False,America/New_York,America/New_York
6658,2009-03-05,GSO,LGA,6.18333,7.75,5.93333,8.06667,7.65,6.2,False,America/New_York,America/New_York
6662,2009-03-05,GSO,LGA,11.3333,13.1667,11.2667,13.05,12.85,11.5,False,America/New_York,America/New_York
6580,2009-03-05,GSO,LGA,16.5167,18.3,16.4333,18.15,17.95,16.65,False,America/New_York,America/New_York
6700,2009-03-05,SAV,LGA,6.18333,8.41667,6.18333,8.85,8.65,6.6,False,America/New_York,America/New_York
6756,2009-03-05,SAV,LGA,12.5167,14.75,12.4333,14.85,14.6,12.6333,False,America/New_York,America/New_York
6660,2009-03-05,SAV,LGA,18.85,21.0667,18.85,21.2333,20.9333,19.1167,False,America/New_York,America/New_York
201,2009-03-05,CAK,LGA,6.26667,7.9,6.16667,7.86667,7.7,6.46667,False,America/New_York,America/New_York
207,2009-03-05,CAK,LGA,14.05,15.4333,14.0833,15.3833,15.3,14.25,False,America/New_York,America/New_York
700,2009-03-05,DFW,LGA,7.26667,10.6,7.2,10.4833,11.3333,7.36667,False,America/Chicago,America/New_York
704,2009-03-05,DFW,LGA,8.01667,11.5167,7.85,11.2167,12.0667,8.08333,False,America/Chicago,America/New_York
708,2009-03-05,DFW,LGA,9.01667,12.5167,8.93333,12.2667,13.1333,9.13333,False,America/Chicago,America/New_York
710,2009-03-05,DFW,LGA,9.68333,13.1833,9.6,12.95,13.8167,9.75,False,America/Chicago,America/New_York
712,2009-03-05,DFW,LGA,11.1,14.6833,11.05,14.4833,15.3167,11.2,False,America/Chicago,America/New_York
720,2009-03-05,DFW,LGA,11.9333,15.4333,12.2,15.5,16.35,12.5167,False,America/Chicago,America/New_York
728,2009-03-05,DFW,LGA,13.1,16.6,13.05,16.5,17.3167,13.2167,False,America/Chicago,America/New_York
732,2009-03-05,DFW,LGA,14.1833,17.7667,14.3,17.75,18.5833,14.4833,False,America/Chicago,America/New_York
736,2009-03-05,DFW,LGA,15.2667,18.85,15.25,18.65,19.45,15.4333,False,America/Chicago,America/New_York
738,2009-03-05,DFW,LGA,15.9333,19.5167,16.3333,19.6833,20.5,16.5833,False,America/Chicago,America/New_York
740,2009-03-05,DFW,LGA,16.7667,20.35,16.7333,20.0833,20.95,16.8833,False,America/Chicago,America/New_York
742,2009-03-05,DFW,LGA,17.35,20.9167,17.3333,20.8333,21.65,17.5,False,America/Chicago,America/New_York
744,2009-03-05,DFW,LGA,18.2667,21.85,19.65,23.1,23.8667,19.9833,False,America/Chicago,America/New_York
750,2009-03-05,DFW,LGA,18.6,22.1833,18.5167,21.7833,22.6333,18.7333,False,America/Chicago,America/New_York
762,2009-03-05,DFW,LGA,19.35,22.7667,19.3667,22.75,23.5667,19.6167,False,America/Chicago,America/New_York
766,2009-03-05,DFW,LGA,20.1,23.35,20.1,23.3833,24.2333,20.4,False,America/Chicago,America/New_York
6402,2009-03-05,BHM,LGA,7.26667,10,7.18333,10.1,10.7667,7.55,False,America/Chicago,America/New_York
6430,2009-03-05,BHM,LGA,18.5167,21.25,18.4,21.0167,21.7667,18.65,False,America/Chicago,America/New_York
1032,2009-03-05,IAH,LGA,7.35,10.9333,7.25,11.2333,12.0333,7.71667,False,America/Chicago,America/New_York
332,2009-03-05,IAH,LGA,8.51667,12.0833,8.55,12.25,13.0833,9.03333,False,America/Chicago,America/New_York
232,2009-03-05,IAH,LGA,10.0167,13.8167,9.86667,13.9,14.6833,10.4667,False,America/Chicago,America/New_York
432,2009-03-05,IAH,LGA,11.5167,15.2333,11.35,15.15,15.9333,11.7333,False,America/Chicago,America/New_York
1832,2009-03-05,IAH,LGA,12.5167,16.0833,12.5333,16.0167,16.85,12.7833,False,America/Chicago,America/New_York
532,2009-03-05,IAH,LGA,14.2667,18,14.15,17.8167,18.6,14.4333,False,America/Chicago,America/New_York
632,2009-03-05,IAH,LGA,16.85,20.4333,16.9833,20.45,21.25,17.15,False,America/Chicago,America/New_York
1632,2009-03-05,IAH,LGA,18.7667,22.4333,18.75,22.2,23.0333,18.9833,False,America/Chicago,America/New_York
732,2009-03-05,IAH,LGA,19.7667,23.4333,19.6333,23.2333,24.0167,19.95,False,America/Chicago,America/New_York
4886,2009-03-05,CLE,LGA,6.43333,8.1,6.23333,8.03333,7.8,6.5,False,America/New_York,America/New_York
2134,2009-03-05,CLE,LGA,7.51667,9.15,7.43333,9.33333,9.13333,7.88333,False,America/New_York,America/New_York
1575,2009-03-05,CLE,LGA,8.26667,9.96667,8.21667,9.8,9.7,8.38333,False,America/New_York,America/New_York
2061,2009-03-05,CLE,LGA,10.85,12.4833,10.7667,12.5167,12.4167,11.2333,False,America/New_York,America/New_York
1450,2009-03-05,CLE,LGA,15.5833,17.25,15.4167,17.0167,16.9,15.6667,False,America/New_York,America/New_York
2378,2009-03-05,CLE,LGA,17.0167,18.7333,16.9833,18.5667,18.45,17.2333,False,America/New_York,America/New_York
4828,2009-03-05,CLE,LGA,17.35,19.1,17.25,18.9167,18.7,17.5333,False,America/New_York,America/New_York
1050,2009-03-05,CLE,LGA,19.1833,20.9833,19.1,20.5333,20.4333,19.3167,False,America/New_York,America/New_York
4912,2009-03-05,XNA,LGA,7.35,10.5167,7.26667,10.4,11.0167,7.41667,False,America/Chicago,America/New_York
4873,2009-03-05,XNA,LGA,10.8333,13.9167,10.75,13.8,14.45,10.9,False,America/Chicago,America/New_York
4840,2009-03-05,XNA,LGA,18.5167,21.6833,18.35,21.1,21.95,18.5333,False,America/Chicago,America/New_York
1114,2009-03-05,MIA,LGA,6.6,9.43333,6.86667,9.96667,9.86667,7.13333,False,America/New_York,America/New_York
1256,2009-03-05,MIA,LGA,7.93333,10.85,7.85,10.9,10.8333,8.01667,False,America/New_York,America/New_York
1124,2009-03-05,MIA,LGA,10.1833,13.1,10.1667,13.15,13.05,10.4667,False,America/New_York,America/New_York
2088,2009-03-05,MIA,LGA,10.7667,13.6833,10.6667,13.9167,13.8167,11,False,America/New_York,America/New_York
2092,2009-03-05,MIA,LGA,11.9333,14.9333,14.05,17.3,17.2,14.4833,False,America/New_York,America/New_York
2016,2009-03-05,MIA,LGA,13.2667,16.2667,13.8333,16.9833,16.8833,14.0667,False,America/New_York,America/New_York
1530,2009-03-05,MIA,LGA,14.9333,17.9333,14.9,17.7833,17.7333,15.1167,False,America/New_York,America/New_York
592,2009-03-05,MIA,LGA,16.1,19.1833,18.35,21.45,21.3833,18.6,False,America/New_York,America/New_York
1876,2009-03-05,MIA,LGA,18.6,21.6833,18.75,21.7833,21.6167,18.9333,False,America/New_York,America/New_York
1226,2009-03-05,MIA,LGA,20.85,23.6833,21.2333,24.2667,24.2167,21.5333,False,America/New_York,America/New_York
1766,2009-03-05,ATL,LGA,6.6,8.81667,6.53333,8.88333,8.66667,6.71667,False,America/New_York,America/New_York
1770,2009-03-05,ATL,LGA,7.6,9.91667,7.55,10.0833,9.8,7.86667,False,America/New_York,America/New_York
360,2009-03-05,ATL,LGA,8.51667,10.6167,8.51667,10.7667,10.6333,8.73333,False,America/New_York,America/New_York
1772,2009-03-05,ATL,LGA,8.6,11.1333,8.53333,11.2833,11.1333,9.18333,False,America/New_York,America/New_York
1774,2009-03-05,ATL,LGA,9.6,11.9667,10.05,12.5333,12.2833,10.45,False,America/New_York,America/New_York
368,2009-03-05,ATL,LGA,10.2167,12.4333,10.1667,12.6167,12.5333,10.7333,False,America/New_York,America/New_York
1776,2009-03-05,ATL,LGA,10.6,12.9167,10.5667,13.05,12.8667,10.9833,False,America/New_York,America/New_York
1778,2009-03-05,ATL,LGA,11.6,13.8667,11.5833,13.8667,13.7,11.85,False,America/New_York,America/New_York
1780,2009-03-05,ATL,LGA,12.6,14.9333,12.5333,14.95,14.7333,12.8833,False,America/New_York,America/New_York
366,2009-03-05,ATL,LGA,12.65,14.75,12.7333,14.95,14.8667,13.0167,False,America/New_York,America/New_York
1782,2009-03-05,ATL,LGA,13.6,15.95,13.5667,15.7,15.5833,13.8167,False,America/New_York,America/New_York
1784,2009-03-05,ATL,LGA,14.6,16.9167,14.5833,16.95,16.7167,14.9,False,America/New_York,America/New_York
337,2009-03-05,ATL,LGA,14.7333,16.9333,14.7167,16.9,16.8167,14.9333,False,America/New_York,America/New_York
500,2009-03-05,ATL,LGA,15.4167,17.6333,15.4,17.5333,17.4,15.65,False,America/New_York,America/New_York
1786,2009-03-05,ATL,LGA,15.6,17.9167,15.6,17.85,17.6,15.75,False,America/New_York,America/New_York
1788,2009-03-05,ATL,LGA,16.6,19.0667,16.5833,18.9,18.7167,16.8833,False,America/New_York,America/New_York
524,2009-03-05,ATL,LGA,16.6833,18.9333,16.6167,18.9667,18.85,16.9167,False,America/New_York,America/New_York
1790,2009-03-05,ATL,LGA,17.6,19.9167,17.55,20.05,19.85,17.95,False,America/New_York,America/New_York
364,2009-03-05,ATL,LGA,17.7167,19.9833,17.6167,19.9167,19.8,17.9167,False,America/New_York,America/New_York
1792,2009-03-05,ATL,LGA,18.6,21.0667,18.5333,20.8,20.65,18.8167,False,America/New_York,America/New_York
311,2009-03-05,ATL,LGA,19.1833,21.4,19.1,21.2833,21.2,19.4,False,America/New_York,America/New_York
1794,2009-03-05,ATL,LGA,19.6,21.9333,19.7833,22.1,21.8833,20.0167,False,America/New_York,America/New_York
18,2009-03-05,ATL,LGA,20.6,22.9667,20.5167,22.9167,22.7667,21.0333,False,America/New_York,America/New_York
358,2009-03-05,ATL,LGA,20.9333,23.15,20.9333,23.2,23,21.2333,False,America/New_York,America/New_York
1798,2009-03-05,ATL,LGA,21.6,23.9,21.6,23.6667,23.5333,21.8667,False,America/New_York,America/New_York
1502,2009-03-05,TPA,LGA,6.68333,9.41667,6.58333,9.78333,9.41667,6.76667,False,America/New_York,America/New_York
1504,2009-03-05,TPA,LGA,11.3167,14.05,11.2667,14.1333,13.9833,11.4333,False,America/New_York,America/New_York
1506,2009-03-05,TPA,LGA,15.1833,17.9167,15.1,17.9167,17.7833,15.35,False,America/New_York,America/New_York
1508,2009-03-05,TPA,LGA,18.5167,21.4333,18.4333,21.3167,21.1667,18.7,False,America/New_York,America/New_York
6550,2009-03-05,MCI,LGA,7.85,10.6,7.81667,10.7,11.3667,8.06667,False,America/Chicago,America/New_York
6542,2009-03-05,MCI,LGA,15.1,17.7667,15.2667,18.3167,19.0667,15.7167,False,America/Chicago,America/New_York
6564,2009-03-05,JAX,LGA,6.93333,9.66667,6.93333,9.85,9.35,7.18333,False,America/New_York,America/New_York
6780,2009-03-05,JAX,LGA,11.4667,13.9167,11.3,14.1333,14.0167,11.6,False,America/New_York,America/New_York
6746,2009-03-05,JAX,LGA,13.4333,15.7667,13.35,16.1,15.9,13.4667,False,America/New_York,America/New_York
6686,2009-03-05,JAX,LGA,18.9333,21.45,18.85,21.5167,21.3833,19.15,False,America/New_York,America/New_York
6636,2009-03-05,CVG,LGA,6.93333,9.06667,6.85,8.93333,8.76667,7,False,America/New_York,America/New_York
1214,2009-03-05,CVG,LGA,8.51667,10.45,8.45,10.3667,10.1333,8.65,False,America/New_York,America/New_York
6752,2009-03-05,CVG,LGA,11.1,13.1167,11.05,12.8667,12.75,11.2167,False,America/New_York,America/New_York
1216,2009-03-05,CVG,LGA,14.0167,15.85,13.9,15.6833,15.55,14.0833,False,America/New_York,America/New_York
6502,2009-03-05,CVG,LGA,16.7667,18.8667,16.7667,19.1,18.5667,17.0833,False,America/New_York,America/New_York
1218,2009-03-05,CVG,LGA,19.9333,21.95,19.8833,21.7333,21.5,20.1167,False,America/New_York,America/New_York
520,2009-03-05,MSP,LGA,7.85,10.5667,7.8,10.4167,11.2,8.11667,False,America/Chicago,America/New_York
512,2009-03-05,MSP,LGA,10.35,13.2,10.3,13,13.7667,10.6,False,America/Chicago,America/New_York
508,2009-03-05,MSP,LGA,11.6833,14.3833,11.6833,14.4167,15.2167,11.95,False,America/Chicago,America/New_York
510,2009-03-05,MSP,LGA,13.9333,16.7,13.8833,16.45,17.2667,14.1167,False,America/Chicago,America/New_York
186,2009-03-05,MSP,LGA,16.35,19.1667,16.2833,18.7833,19.5833,16.5,False,America/Chicago,America/New_York
514,2009-03-05,MSP,LGA,18.4333,21.2667,18.4,21.0833,21.8667,18.7333,False,America/Chicago,America/New_York
1609,2009-03-05,MSP,LGA,19.7667,22.5167,19.75,22.45,23,19.9833,False,America/Chicago,America/New_York
7209,2009-03-05,IAD,LGA,6.98333,8.41667,7.36667,8.5,8.41667,7.51667,False,America/New_York,America/New_York
846,2009-03-05,IAD,LGA,8.28333,9.76667,8.23333,9.75,9.61667,8.65,False,America/New_York,America/New_York
7147,2009-03-05,IAD,LGA,13.2667,14.7,13.0667,14.7333,14.5833,13.6167,False,America/New_York,America/New_York
7193,2009-03-05,IAD,LGA,21.85,23.1833,21.75,22.7667,22.6833,22,False,America/New_York,America/New_York
1482,2009-03-05,MCO,LGA,7.01667,9.63333,6.93333,10.0333,9.83333,7.26667,False,America/New_York,America/New_York
1642,2009-03-05,MCO,LGA,8.18333,10.9167,8.06667,10.8833,10.75,8.26667,False,America/New_York,America/New_York
1484,2009-03-05,MCO,LGA,11.0167,13.7167,10.8167,13.5833,13.3833,11.0667,False,America/New_York,America/New_York
1756,2009-03-05,MCO,LGA,12.7667,15.35,13.2167,16.2333,16.1,13.5667,False,America/New_York,America/New_York
372,2009-03-05,MCO,LGA,13.9167,16.4167,13.8333,16.5167,16.4333,14,False,America/New_York,America/New_York
1486,2009-03-05,MCO,LGA,14.1,16.8333,14,16.6833,16.5667,14.1833,False,America/New_York,America/New_York
1448,2009-03-05,MCO,LGA,18.6833,21.4333,19.15,22.05,21.8167,19.4,False,America/New_York,America/New_York
396,2009-03-05,MCO,LGA,19.1833,21.8333,19.1167,21.7833,21.6833,19.3167,False,America/New_York,America/New_York
1492,2009-03-05,PBI,LGA,7.01667,9.96667,6.85,10.0833,9.93333,7.18333,False,America/New_York,America/New_York
1494,2009-03-05,PBI,LGA,10.7667,13.6167,10.6833,13.75,13.6167,10.95,False,America/New_York,America/New_York
362,2009-03-05,PBI,LGA,11.1,13.9333,10.9333,14.05,13.9333,11.15,False,America/New_York,America/New_York
1496,2009-03-05,PBI,LGA,14.5833,17.4167,14.4167,17.4333,17.2833,14.6333,False,America/New_York,America/New_York
1620,2009-03-05,PBI,LGA,15.9333,18.7667,15.7667,18.8833,18.8,15.9833,False,America/New_York,America/New_York
364,2009-03-05,PBI,LGA,17.4167,20.2667,17.3,20.2667,20.1667,17.5,False,America/New_York,America/New_York
1412,2009-03-05,PBI,LGA,18.2667,21.0833,18.1333,21.2167,21.0667,18.4,False,America/New_York,America/New_York
1228,2009-03-05,IND,LGA,8.11667,9.48333,7.93333,9.76667,9.9,8.15,False,America/Indiana/Indianapolis,America/New_York
2177,2009-03-05,IND,LGA,11.4,12.75,11.3667,12.4833,13.1167,11.4833,False,America/Indiana/Indianapolis,America/New_York
2175,2009-03-05,IND,LGA,16.1667,17.6,16.1167,17.3333,17.9667,16.3833,False,America/Indiana/Indianapolis,America/New_York
2179,2009-03-05,IND,LGA,18.9167,20.4333,18.85,20.05,20.6333,19.0167,False,America/Indiana/Indianapolis,America/New_York
4936,2009-03-05,CAE,LGA,7.35,9.3,7.21667,9.71667,9.21667,7.53333,False,America/New_York,America/New_York
5511,2009-03-05,CAE,LGA,18.7167,20.7167,18.6167,20.55,20.4,18.8333,False,America/New_York,America/New_York
2899,2009-03-05,MSN,LGA,8.43333,11.1,8.35,10.8,11.5,8.68333,False,America/Chicago,America/New_York
4829,2009-03-05,MSN,LGA,14.1,16.4333,13.9833,16.1167,16.9333,14.1667,False,America/Chicago,America/New_York
6670,2009-03-05,MSY,LGA,8.6,11.6667,8.6,11.7667,12.5167,8.85,False,America/Chicago,America/New_York
1450,2009-03-05,MSY,LGA,19.35,22.3667,19.2667,22.3833,23.15,19.5,False,America/Chicago,America/New_York
1088,2009-03-05,BNA,LGA,8.68333,10.9333,8.58333,10.8333,11.7,8.7,False,America/Chicago,America/New_York
1748,2009-03-05,BNA,LGA,11.85,14.1,11.7,14.2333,15.05,11.8333,False,America/Chicago,America/New_York
1684,2009-03-05,BNA,LGA,18.6833,20.9167,18.6333,20.75,21.6167,18.7833,False,America/Chicago,America/New_York
1050,2009-03-05,CLT,LGA,7.76667,9.53333,7.63333,9.73333,9.45,7.88333,False,America/New_York,America/New_York
1910,2009-03-05,CLT,LGA,9.93333,11.85,9.83333,11.85,11.7333,10.3167,False,America/New_York,America/New_York
938,2009-03-05,CLT,LGA,11.5167,13.3333,11.5,13.2833,13.1667,11.75,False,America/New_York,America/New_York
1628,2009-03-05,CLT,LGA,13.0333,14.7667,13.0333,15.0833,14.9833,13.5,False,America/New_York,America/New_York
1182,2009-03-05,CLT,LGA,14.3667,16.05,14.25,16.1333,16.0333,14.4833,False,America/New_York,America/New_York
1490,2009-03-05,CLT,LGA,16.1833,17.9167,16.1,17.75,17.6333,16.2333,False,America/New_York,America/New_York
1630,2009-03-05,CLT,LGA,18.1833,19.95,18.1833,20.1333,20,18.5333,False,America/New_York,America/New_York
834,2009-03-05,CLT,LGA,19.7667,21.4833,19.7333,21.6,21.4667,20.0833,False,America/New_York,America/New_York
1632,2009-03-05,CLT,LGA,22.0833,23.6833,22.0167,23.7,23.6333,22.35,False,America/New_York,America/New_York
2150,2009-03-05,GRR,LGA,8.53333,10.2667,8.45,9.83333,10.1833,8.63333,False,America/Detroit,America/New_York
508,2009-03-05,MKE,LGA,8.93333,11.1,8.81667,11.1833,11.95,9.15,False,America/Chicago,America/New_York
514,2009-03-05,MKE,LGA,18.75,20.9167,18.6833,20.7,21.55,18.8833,False,America/Chicago,America/New_York
642,2009-03-05,PHF,LGA,8.01667,9.31667,8.05,9.75,9.6,8.4,False,America/New_York,America/New_York
644,2009-03-05,PHF,LGA,16.8833,18.3333,16.9833,18.4,18.2667,17.2333,False,America/New_York,America/New_York
358,2009-03-05,DEN,LGA,10.1,13.7333,10.0667,13.2,15.2,10.2333,False,America/Denver,America/New_York
510,2009-03-05,DEN,LGA,12.7833,16.3167,12.75,16.3,18.2333,13.1667,False,America/Denver,America/New_York
402,2009-03-05,DEN,LGA,12.8333,16.4667,12.7833,16.1333,18.1333,13.1833,False,America/Denver,America/New_York
1194,2009-03-05,DEN,LGA,14.8,18.3833,15.8,19.2,21.2,16.0833,False,America/Denver,America/New_York
406,2009-03-05,DEN,LGA,18.1,21.6833,17.95,21.7333,23.7167,18.6833,False,America/Denver,America/New_York
516,2009-03-05,DEN,LGA,18.45,22.0167,18.3667,21.7167,23.6167,18.65,False,America/Denver,America/New_York
408,2009-03-05,DEN,LGA,20.4667,23.9167,20.7167,23.7333,25.75,21,False,America/Denver,America/New_York
1288,2009-03-05,PIT,LGA,8.43333,9.86667,8.33333,9.75,9.51667,8.48333,False,America/New_York,America/New_York
4872,2009-03-05,PIT,LGA,10.85,12.35,10.95,12.1,12.0333,11.1167,False,America/New_York,America/New_York
4902,2009-03-05,PIT,LGA,17.2667,18.9333,17.2667,18.65,18.5,17.45,False,America/New_York,America/New_York
630,2009-03-05,MEM,LGA,9.35,12.1,9.31667,11.8833,12.6833,9.48333,False,America/Chicago,America/New_York
1562,2009-03-05,MEM,LGA,15.5833,18.5833,15.4833,18.4,19.1,15.7667,False,America/Chicago,America/New_York
634,2009-03-05,MEM,LGA,19.4333,22.2333,19.3167,22.1167,22.9,19.6833,False,America/Chicago,America/New_York
840,2009-03-05,STL,LGA,9.68333,12.1833,11.25,13.5667,14.3833,11.45,False,America/Chicago,America/New_York
1795,2009-03-05,STL,LGA,11.7667,14.1833,24.85,47.9333,24.85,24.85,True,America/Chicago,America/New_York
1104,2009-03-05,STL,LGA,15.6833,18.1833,15.6167,18.05,18.6667,15.7667,False,America/Chicago,America/New_York
1060,2009-03-05,STL,LGA,20.35,22.7667,20.2667,22.4333,23.2833,20.4667,False,America/Chicago,America/New_York
1500,2009-03-05,RSW,LGA,11.9333,14.9333,11.7667,14.85,14.65,11.9833,False,America/New_York,America/New_York
6538,2009-03-05,GSP,LGA,15.3833,17.4167,15.3,17.2833,17.1167,15.4667,False,America/New_York,America/New_York
633,2009-03-05,LGA,IAH,5.68333,9.58333,5.51667,9.15,8.11667,5.81667,False,America/New_York,America/Chicago
333,2009-03-05,LGA,IAH,6.43333,10.4333,6.33333,10.1167,9.01667,6.76667,False,America/New_York,America/Chicago
733,2009-03-05,LGA,IAH,7.18333,11.0833,7.46667,11.1333,10.1167,7.93333,False,America/New_York,America/Chicago
1033,2009-03-05,LGA,IAH,10.7667,14.7167,10.8167,14.35,13.35,11.0333,False,America/New_York,America/Chicago
1833,2009-03-05,LGA,IAH,11.6833,15.6667,11.75,15.5333,14.2833,12.05,False,America/New_York,America/Chicago
433,2009-03-05,LGA,IAH,12.9333,16.8333,12.8833,16.5167,15.5,13.2,False,America/New_York,America/Chicago
133,2009-03-05,LGA,IAH,14.5167,18.5667,14.6,18.3833,17.3667,15,False,America/New_York,America/Chicago
1433,2009-03-05,LGA,IAH,16.9333,20.8833,16.8333,20.55,19.4833,17.2167,False,America/New_York,America/Chicago
233,2009-03-05,LGA,IAH,18.6833,22.6,18.65,22.4333,21.4333,19.1167,False,America/New_York,America/Chicago
301,2009-03-05,LGA,ORD,5.93333,8.43333,5.86667,8.2,7.11667,6.05,False,America/New_York,America/Chicago
669,2009-03-05,LGA,ORD,5.93333,8.26667,5.83333,7.96667,7,6.01667,False,America/New_York,America/Chicago
303,2009-03-05,LGA,ORD,6.41667,8.91667,6.3,8.63333,7.6,6.53333,False,America/New_York,America/Chicago
835,2009-03-05,LGA,ORD,6.93333,9.53333,6.8,9.93333,8.95,7.85,False,America/New_York,America/Chicago
305,2009-03-05,LGA,ORD,7.26667,9.85,7.51667,10.25,9.18333,8.06667,False,America/New_York,America/Chicago
309,2009-03-05,LGA,ORD,7.85,10.35,7.8,10.3333,9.26667,8.18333,False,America/New_York,America/Chicago
667,2009-03-05,LGA,ORD,8,10.6,7.96667,10.55,9.56667,8.61667,False,America/New_York,America/Chicago
313,2009-03-05,LGA,ORD,8.6,11.35,8.53333,11.4,9.95,8.93333,False,America/New_York,America/Chicago
673,2009-03-05,LGA,ORD,8.93333,11.5333,8.78333,11.1833,10.2167,9.18333,False,America/New_York,America/Chicago
319,2009-03-05,LGA,ORD,10.0167,12.7667,9.93333,12.4167,11.35,10.35,False,America/New_York,America/Chicago
661,2009-03-05,LGA,ORD,10.0167,12.6333,9.86667,12.55,11.6,10.4333,False,America/New_York,America/Chicago
321,2009-03-05,LGA,ORD,10.6833,13.35,10.6,12.85,11.8,10.8333,False,America/New_York,America/Chicago
677,2009-03-05,LGA,ORD,10.9333,13.55,10.9,13.1333,12.15,11.1,False,America/New_York,America/Chicago
327,2009-03-05,LGA,ORD,11.85,14.4333,11.7667,14.05,13.0167,12.0167,False,America/New_York,America/Chicago
679,2009-03-05,LGA,ORD,11.9333,14.55,11.8333,14.2667,13.2833,12.2,False,America/New_York,America/Chicago
681,2009-03-05,LGA,ORD,12.9333,15.55,12.9167,15.1333,14.1667,13.1167,False,America/New_York,America/Chicago
329,2009-03-05,LGA,ORD,13.0167,15.6,12.95,15.3333,14.2833,13.25,False,America/New_York,America/Chicago
333,2009-03-05,LGA,ORD,13.9167,16.5833,13.8667,16.8667,15.7167,14.1333,False,America/New_York,America/Chicago
683,2009-03-05,LGA,ORD,13.9333,16.6,13.9,17.0167,15.9167,14.45,False,America/New_York,America/Chicago
685,2009-03-05,LGA,ORD,14.9333,17.55,14.9333,17.55,16.4333,15.2833,False,America/New_York,America/Chicago
335,2009-03-05,LGA,ORD,15.2667,17.9333,15.2167,18.1833,17.1167,15.8333,False,America/New_York,America/Chicago
687,2009-03-05,LGA,ORD,15.9667,18.6667,15.9333,19.1333,17.95,16.55,False,America/New_York,America/Chicago
337,2009-03-05,LGA,ORD,16.1,18.7667,18.05,20.7,19.6,18.4167,False,America/New_York,America/Chicago
341,2009-03-05,LGA,ORD,16.6,19.35,16.55,19.3833,18.1167,16.9667,False,America/New_York,America/Chicago
689,2009-03-05,LGA,ORD,17,19.7,16.9833,19.8833,18.7667,17.5,False,America/New_York,America/Chicago
345,2009-03-05,LGA,ORD,17.4333,20.1833,17.3333,20.7333,19.65,18.5833,False,America/New_York,America/Chicago
691,2009-03-05,LGA,ORD,17.9333,20.6667,17.8667,20.8333,19.8333,18.65,False,America/New_York,America/Chicago
347,2009-03-05,LGA,ORD,18.1833,20.9333,18.5167,21.1667,20.1167,19.05,False,America/New_York,America/Chicago
693,2009-03-05,LGA,ORD,18.9333,21.6667,18.7667,21.6167,20.6667,19.5,False,America/New_York,America/Chicago
363,2009-03-05,LGA,ORD,19.4167,22,19.2667,22.1667,21.1,20,False,America/New_York,America/Chicago
695,2009-03-05,LGA,ORD,20.0167,22.75,19.9167,22.8333,21.85,20.7,False,America/New_York,America/Chicago
371,2009-03-05,LGA,ORD,21.35,23.85,21.0667,23.65,22.6333,21.6167,False,America/New_York,America/Chicago
371,2009-03-05,LGA,FLL,5.93333,8.93333,5.9,8.41667,8.35,6.15,False,America/New_York,America/New_York
1457,2009-03-05,LGA,FLL,7.01667,10.2,6.9,9.83333,9.76667,7.45,False,America/New_York,America/New_York
375,2009-03-05,LGA,FLL,9.43333,12.7167,9.71667,12.6667,12.5833,10.1667,False,America/New_York,America/New_York
1459,2009-03-05,LGA,FLL,10.7667,14.1167,10.8,13.7833,13.7167,11.3,False,America/New_York,America/New_York
377,2009-03-05,LGA,FLL,13.1,16.2167,13.75,16.4167,16.3167,14.05,False,America/New_York,America/New_York
1461,2009-03-05,LGA,FLL,14.8,18.0333,14.8,17.6833,17.6167,15.3167,False,America/New_York,America/New_York
381,2009-03-05,LGA,FLL,16.2833,19.5,16.6167,19.35,19.3,17,False,America/New_York,America/New_York
1463,2009-03-05,LGA,FLL,18.35,21.6,18.3167,21.1833,21.1,18.8667,False,America/New_York,America/New_York
383,2009-03-05,LGA,FLL,21.6833,24.6,21.8833,24.35,24.2833,22.05,False,America/New_York,America/New_York
19,2009-03-05,LGA,ATL,5.93333,8.53333,5.9,8.13333,8.01667,6.21667,False,America/New_York,America/New_York
359,2009-03-05,LGA,ATL,6.43333,9,6.3,8.93333,8.58333,6.66667,False,America/New_York,America/New_York
1771,2009-03-05,LGA,ATL,6.85,9.5,6.76667,9.18333,8.9,7.1,False,America/New_York,America/New_York
1773,2009-03-05,LGA,ATL,7.85,10.5667,7.7,10.2,10.0333,8.23333,False,America/New_York,America/New_York
326,2009-03-05,LGA,ATL,8.48333,11.1,8.38333,10.7667,10.55,8.81667,False,America/New_York,America/New_York
1775,2009-03-05,LGA,ATL,8.85,11.6833,8.78333,11.6333,11.4667,9.7,False,America/New_York,America/New_York
1777,2009-03-05,LGA,ATL,9.85,12.6333,9.7,12.2167,12.0833,10.25,False,America/New_York,America/New_York
1779,2009-03-05,LGA,ATL,10.9333,13.6667,10.85,13.15,13,11.2833,False,America/New_York,America/New_York
361,2009-03-05,LGA,ATL,11.2833,13.8667,11.3,13.5,13.35,11.5333,False,America/New_York,America/New_York
1781,2009-03-05,LGA,ATL,11.9333,14.7167,11.9667,14.2833,14.1333,12.3167,False,America/New_York,America/New_York
334,2009-03-05,LGA,ATL,12,14.6167,11.8833,14.1333,13.9667,12.1667,False,America/New_York,America/New_York
1783,2009-03-05,LGA,ATL,12.85,15.5,13.25,15.5167,15.3667,13.5833,False,America/New_York,America/New_York
318,2009-03-05,LGA,ATL,13.3333,15.8833,13.2,15.5,15.3167,13.5,False,America/New_York,America/New_York
1785,2009-03-05,LGA,ATL,13.85,16.55,13.8333,16.3167,16.1333,14.25,False,America/New_York,America/New_York
1787,2009-03-05,LGA,ATL,14.9333,17.6667,14.9333,17.4333,17.3333,15.5333,False,America/New_York,America/New_York
367,2009-03-05,LGA,ATL,15.4333,18.1667,15.4833,18.1333,17.9833,16.1,False,America/New_York,America/New_York
1789,2009-03-05,LGA,ATL,15.85,18.6833,15.8167,18.6667,18.35,16.4333,False,America/New_York,America/New_York
369,2009-03-05,LGA,ATL,16.4167,19.1167,16.3833,19.0667,18.75,16.85,False,America/New_York,America/New_York
1791,2009-03-05,LGA,ATL,16.85,19.6,16.8,19.4667,19.2167,17.3667,False,America/New_York,America/New_York
288,2009-03-05,LGA,ATL,17.5167,20.1833,17.45,19.8833,19.7,17.9,False,America/New_York,America/New_York
1793,2009-03-05,LGA,ATL,17.85,20.6833,17.8167,20.5167,20.2833,18.4833,False,America/New_York,America/New_York
357,2009-03-05,LGA,ATL,18.4333,21.1667,18.3333,20.7833,20.5833,18.7667,False,America/New_York,America/New_York
1795,2009-03-05,LGA,ATL,18.9333,21.6833,18.9167,21.6667,21.4667,19.65,False,America/New_York,America/New_York
1797,2009-03-05,LGA,ATL,19.9333,22.6167,19.8833,22.6833,22.5167,20.7333,False,America/New_York,America/New_York
1799,2009-03-05,LGA,ATL,20.9333,23.5,20.8,23.35,23.25,21.5167,False,America/New_York,America/New_York
1211,2009-03-05,LGA,CVG,5.93333,8.1,5.86667,8.15,8.03333,6.41667,False,America/New_York,America/New_York
6657,2009-03-05,LGA,CVG,7.85,10.15,7.93333,10.35,10.1833,8.55,False,America/New_York,America/New_York
1213,2009-03-05,LGA,CVG,10.7167,13.1333,10.65,12.7167,12.6167,10.9833,False,America/New_York,America/New_York
6293,2009-03-05,LGA,CVG,12.9167,15.2,12.85,15.0167,14.8667,13.2333,False,America/New_York,America/New_York
1219,2009-03-05,LGA,CVG,16.6833,19.0333,16.65,18.8333,18.7333,17.0167,False,America/New_York,America/New_York
6373,2009-03-05,LGA,CVG,20.4333,22.6833,20.4333,22.7667,22.7167,21.1667,False,America/New_York,America/New_York
7195,2009-03-05,LGA,IAD,5.93333,7.43333,5.76667,6.85,6.71667,6,False,America/New_York,America/New_York
7183,2009-03-05,LGA,IAD,9.85,11.35,9.76667,10.9333,10.85,10.1167,False,America/New_York,America/New_York
7147,2009-03-05,LGA,IAD,15.2667,16.7667,15.3667,16.8167,16.7167,15.9667,False,America/New_York,America/New_York
847,2009-03-05,LGA,IAD,19.4333,20.95,19.7667,21.4667,21.3667,20.5833,False,America/New_York,America/New_York
2114,2009-03-05,LGA,BOS,5.93333,6.93333,5.75,6.8,6.55,5.96667,False,America/New_York,America/New_York
1370,2009-03-05,LGA,BOS,6.43333,7.45,6.4,7.55,7.38333,6.78333,False,America/New_York,America/New_York
4803,2009-03-05,LGA,BOS,6.43333,7.51667,6.36667,7.41667,7.35,6.75,False,America/New_York,America/New_York
2116,2009-03-05,LGA,BOS,6.93333,8.01667,6.83333,7.9,7.65,7.03333,False,America/New_York,America/New_York
1372,2009-03-05,LGA,BOS,7.43333,8.6,7.4,8.45,8.25,7.65,False,America/New_York,America/New_York
4802,2009-03-05,LGA,BOS,7.91667,9.1,7.76667,8.78333,8.7,8.13333,False,America/New_York,America/New_York
2118,2009-03-05,LGA,BOS,7.93333,8.93333,7.78333,8.73333,8.61667,8,False,America/New_York,America/New_York
1374,2009-03-05,LGA,BOS,8.41667,9.66667,8.4,9.61667,9.5,8.88333,False,America/New_York,America/New_York
2120,2009-03-05,LGA,BOS,8.93333,10.2333,8.83333,10.2,10.1167,9.46667,False,America/New_York,America/New_York
1376,2009-03-05,LGA,BOS,9.43333,10.85,9.4,10.7,10.5667,9.98333,False,America/New_York,America/New_York
2122,2009-03-05,LGA,BOS,9.93333,11.1333,9.81667,10.9667,10.9,10.2833,False,America/New_York,America/New_York
4881,2009-03-05,LGA,BOS,10.2667,11.6,10.1667,11.1333,11.0833,10.5,False,America/New_York,America/New_York
1378,2009-03-05,LGA,BOS,10.4167,11.7167,10.4333,11.35,11.2333,10.65,False,America/New_York,America/New_York
2124,2009-03-05,LGA,BOS,10.9333,12.1667,10.85,11.6833,11.6167,11.0667,False,America/New_York,America/New_York
1380,2009-03-05,LGA,BOS,11.4333,12.7,11.4,12.5,12.3833,11.75,False,America/New_York,America/New_York
2126,2009-03-05,LGA,BOS,11.9333,13.05,23.9333,23.9333,23.9333,23.9333,True,America/New_York,America/New_York
1382,2009-03-05,LGA,BOS,12.4167,13.5667,12.3833,13.3667,13.2667,12.5667,False,America/New_York,America/New_York
2128,2009-03-05,LGA,BOS,12.9333,14.0333,12.7833,13.7833,13.7333,13.0167,False,America/New_York,America/New_York
4811,2009-03-05,LGA,BOS,13.35,14.5167,13.2667,14.2833,14.25,13.5667,False,America/New_York,America/New_York
1384,2009-03-05,LGA,BOS,13.4333,14.6,13.4333,14.4833,14.4,13.7667,False,America/New_York,America/New_York
2130,2009-03-05,LGA,BOS,13.9333,15.05,13.8333,14.8,14.7333,14.0667,False,America/New_York,America/New_York
1386,2009-03-05,LGA,BOS,14.4167,15.6167,14.4,15.4833,15.3167,14.6667,False,America/New_York,America/New_York
2132,2009-03-05,LGA,BOS,14.9333,16.15,14.8,15.8167,15.75,15.1167,False,America/New_York,America/New_York
1388,2009-03-05,LGA,BOS,15.4333,16.7333,15.4,16.8833,16.7667,16.0833,False,America/New_York,America/New_York
2134,2009-03-05,LGA,BOS,15.9333,17.0667,15.8833,17.25,17.15,16.4667,False,America/New_York,America/New_York
1390,2009-03-05,LGA,BOS,16.4333,17.7,16.4,17.6,17.4833,16.8333,False,America/New_York,America/New_York
2136,2009-03-05,LGA,BOS,16.9333,18.2167,16.85,17.8333,17.7667,17.0833,False,America/New_York,America/New_York
4813,2009-03-05,LGA,BOS,17.2667,18.35,17.1833,18.3833,18.3167,17.7,False,America/New_York,America/New_York
1392,2009-03-05,LGA,BOS,17.4167,18.7833,17.4,18.55,18.4667,17.8,False,America/New_York,America/New_York
2138,2009-03-05,LGA,BOS,17.9333,19.1833,17.8333,18.9833,18.8833,18.2167,False,America/New_York,America/New_York
1394,2009-03-05,LGA,BOS,18.4167,19.7333,18.4,19.7,19.5833,18.9,False,America/New_York,America/New_York
2140,2009-03-05,LGA,BOS,18.9333,20.2,18.8333,20.0333,20,19.3667,False,America/New_York,America/New_York
1396,2009-03-05,LGA,BOS,19.4333,20.8,19.4,20.9,20.7833,20.0833,False,America/New_York,America/New_York
4815,2009-03-05,LGA,BOS,19.4333,20.6833,19.3833,20.8,20.7167,20.0167,False,America/New_York,America/New_York
2142,2009-03-05,LGA,BOS,19.9333,21.1167,19.8167,21.3667,21.2833,20.6333,False,America/New_York,America/New_York
1398,2009-03-05,LGA,BOS,20.4333,21.6833,20.3833,21.75,21.65,21.05,False,America/New_York,America/New_York
2144,2009-03-05,LGA,BOS,20.9333,22.1,20.8,22.1167,22.0333,21.3667,False,America/New_York,America/New_York
2161,2009-03-05,LGA,DCA,5.93333,6.95,5.85,7.05,6.91667,6.25,False,America/New_York,America/New_York
2163,2009-03-05,LGA,DCA,6.93333,8.1,6.83333,7.91667,7.83333,7.16667,False,America/New_York,America/New_York
2165,2009-03-05,LGA,DCA,7.93333,9.1,7.8,9.01667,8.93333,8.26667,False,America/New_York,America/New_York
2167,2009-03-05,LGA,DCA,8.93333,10.25,8.8,10.1333,10.0833,9.4,False,America/New_York,America/New_York
2169,2009-03-05,LGA,DCA,9.93333,11.2833,9.86667,11.2833,11.2,10.4833,False,America/New_York,America/New_York
2171,2009-03-05,LGA,DCA,10.9333,12.2167,11.1667,12.1667,12.1167,11.4333,False,America/New_York,America/New_York
2173,2009-03-05,LGA,DCA,11.9333,13.15,12.3333,13.2333,13.1833,12.5333,False,America/New_York,America/New_York
2175,2009-03-05,LGA,DCA,12.9333,14.0833,12.8167,13.7333,13.6833,13.0333,False,America/New_York,America/New_York
2177,2009-03-05,LGA,DCA,13.9333,15.2,13.9667,15.1167,15.0333,14.3167,False,America/New_York,America/New_York
2179,2009-03-05,LGA,DCA,14.9333,16.15,23.9333,23.9333,23.9333,23.9333,True,America/New_York,America/New_York
2181,2009-03-05,LGA,DCA,15.9333,17.15,15.8167,17.1667,17.0667,16.3667,False,America/New_York,America/New_York
2183,2009-03-05,LGA,DCA,16.9333,18.1833,16.85,18,17.8833,17.1333,False,America/New_York,America/New_York
2185,2009-03-05,LGA,DCA,17.9333,19.2,17.8333,19.0667,19,18.25,False,America/New_York,America/New_York
2187,2009-03-05,LGA,DCA,18.9333,20.15,18.7833,20.2333,20.1167,19.3167,False,America/New_York,America/New_York
2189,2009-03-05,LGA,DCA,19.9333,21.1833,19.75,21.4333,21.3167,20.55,False,America/New_York,America/New_York
2191,2009-03-05,LGA,DCA,20.9333,22.1667,20.7833,22.1333,22.0833,21.3833,False,America/New_York,America/New_York
273,2009-03-05,LGA,DTW,5.93333,8.53333,6.08333,8.76667,8.03333,6.55,False,America/New_York,America/Detroit
1320,2009-03-05,LGA,DTW,7.41667,10.1167,7.31667,10.1667,9.4,7.95,False,America/New_York,America/Detroit
537,2009-03-05,LGA,DTW,8.91667,11.7833,9.05,11.95,11.1833,9.73333,False,America/New_York,America/Detroit
4869,2009-03-05,LGA,DTW,9.41667,12.2,9.33333,12.4167,11.65,10.0833,False,America/New_York,America/Detroit
539,2009-03-05,LGA,DTW,10.2833,13.1167,10.15,12.8667,12.0667,10.6,False,America/New_York,America/Detroit
1631,2009-03-05,LGA,DTW,12.5,15.0833,13.25,15.6667,15,13.6167,False,America/New_York,America/Detroit
4874,2009-03-05,LGA,DTW,13.6833,16.45,13.6,16.35,15.6167,13.9667,False,America/New_York,America/Detroit
531,2009-03-05,LGA,DTW,14.4,17.1167,14.3,16.9333,16.1833,14.6167,False,America/New_York,America/Detroit
543,2009-03-05,LGA,DTW,15.9333,18.7,15.85,18.7833,18.1167,16.4167,False,America/New_York,America/Detroit
529,2009-03-05,LGA,DTW,18.0333,20.8,17.9167,20.9167,20.2,18.6,False,America/New_York,America/Detroit
527,2009-03-05,LGA,DTW,20.0167,22.75,20.1333,23.2,22.45,20.9667,False,America/New_York,America/Detroit
4832,2009-03-05,LGA,DTW,20.7667,23.5333,20.7,23.4833,22.8333,21.3333,False,America/New_York,America/Detroit
701,2009-03-05,LGA,DFW,6.01667,10.1833,5.93333,9.8,8.61667,6.18333,False,America/New_York,America/Chicago
707,2009-03-05,LGA,DFW,6.93333,11.0167,6.93333,10.5333,9.45,7.15,False,America/New_York,America/Chicago
709,2009-03-05,LGA,DFW,7.91667,12.0833,7.86667,11.5833,10.55,8.15,False,America/New_York,America/Chicago
713,2009-03-05,LGA,DFW,9.01667,13.2667,8.93333,13.0667,11.95,9.58333,False,America/New_York,America/Chicago
721,2009-03-05,LGA,DFW,9.85,14.2667,23.9333,24.85,23.9333,23.9333,True,America/New_York,America/Chicago
731,2009-03-05,LGA,DFW,10.7667,14.9333,10.7167,14.4667,13.4833,11.2333,False,America/New_York,America/Chicago
739,2009-03-05,LGA,DFW,11.85,15.7667,11.7333,15.3,14.2667,11.9333,False,America/New_York,America/Chicago
743,2009-03-05,LGA,DFW,12.4333,16.4333,12.2833,15.7333,14.6667,12.4333,False,America/New_York,America/Chicago
745,2009-03-05,LGA,DFW,13.1,17.2667,14.0667,17.7833,16.7667,14.4167,False,America/New_York,America/Chicago
751,2009-03-05,LGA,DFW,13.4167,17.5833,13.2833,17.15,16.05,13.6333,False,America/New_York,America/Chicago
753,2009-03-05,LGA,DFW,14.2667,18.4333,14.6667,18.4833,17.2833,14.9333,False,America/New_York,America/Chicago
759,2009-03-05,LGA,DFW,14.9167,18.9167,14.9,19.15,17.95,15.5167,False,America/New_York,America/Chicago
763,2009-03-05,LGA,DFW,16.0167,20.2667,15.9833,20.1167,18.8667,16.5667,False,America/New_York,America/Chicago
785,2009-03-05,LGA,DFW,17.9333,22.1833,17.9333,21.8333,20.6833,18.3833,False,America/New_York,America/Chicago
787,2009-03-05,LGA,DFW,19.1833,23.35,19.15,23.0667,22.1,19.75,False,America/New_York,America/Chicago
791,2009-03-05,LGA,DFW,21.4167,25.3333,21.1833,25.0333,24.05,21.7,False,America/New_York,America/Chicago
2255,2009-03-05,LGA,MIA,6.1,9.1,6.05,8.61667,8.5,6.28333,False,America/New_York,America/New_York
1713,2009-03-05,LGA,MIA,6.6,9.68333,6.61667,9.16667,9.08333,6.86667,False,America/New_York,America/New_York
2091,2009-03-05,LGA,MIA,7.51667,10.6833,7.48333,10.45,10.3833,8.11667,False,America/New_York,America/New_York
2015,2009-03-05,LGA,MIA,8.85,12.1833,8.8,11.6833,11.5833,9.35,False,America/New_York,America/New_York
599,2009-03-05,LGA,MIA,10.5167,13.85,10.7333,13.4,13.35,11.1667,False,America/New_York,America/New_York
2093,2009-03-05,LGA,MIA,11.85,15.1,11.7833,14.4333,14.3833,12.0667,False,America/New_York,America/New_York
1621,2009-03-05,LGA,MIA,14.1833,17.5167,14.55,17.4333,17.3167,14.9667,False,America/New_York,America/New_York
1559,2009-03-05,LGA,MIA,16.4167,19.6667,17.2667,20.3,20.0833,17.75,False,America/New_York,America/New_York
2011,2009-03-05,LGA,MIA,17.5167,20.7667,17.8,20.8,20.7167,18.3167,False,America/New_York,America/New_York
1709,2009-03-05,LGA,MIA,20.2667,23.5167,22.4333,24.95,24.8833,22.5833,False,America/New_York,America/New_York
4724,2009-03-05,LGA,RDU,6.18333,7.85,6.05,7.4,7.33333,6.3,False,America/New_York,America/New_York
6659,2009-03-05,LGA,RDU,6.41667,8.23333,6.41667,8.18333,8.1,6.93333,False,America/New_York,America/New_York
4739,2009-03-05,LGA,RDU,8.18333,9.93333,8.11667,9.88333,9.71667,8.68333,False,America/New_York,America/New_York
6419,2009-03-05,LGA,RDU,8.91667,11.0833,8.9,11.4333,11.3167,9.96667,False,America/New_York,America/New_York
4726,2009-03-05,LGA,RDU,9.85,11.7667,9.81667,11.5333,11.4167,10.3833,False,America/New_York,America/New_York
4733,2009-03-05,LGA,RDU,11.1833,13.0167,11.1,12.5167,12.4333,11.4167,False,America/New_York,America/New_York
6753,2009-03-05,LGA,RDU,11.4333,13.4333,11.2667,12.7667,12.6833,11.7,False,America/New_York,America/New_York
4718,2009-03-05,LGA,RDU,12.85,14.5167,12.8,14.0833,14.05,12.9833,False,America/New_York,America/New_York
6483,2009-03-05,LGA,RDU,13.9,15.7667,13.8833,15.6833,15.55,14.35,False,America/New_York,America/New_York
4711,2009-03-05,LGA,RDU,13.9167,15.6833,13.8333,15.4333,15.35,14.2833,False,America/New_York,America/New_York
4716,2009-03-05,LGA,RDU,14.9167,16.6833,14.8,16.4,16.3333,15.2,False,America/New_York,America/New_York
6467,2009-03-05,LGA,RDU,15.9333,17.8833,15.85,17.8333,17.75,16.6167,False,America/New_York,America/New_York
4782,2009-03-05,LGA,RDU,15.9333,17.6833,15.75,17.4667,17.3667,16.3167,False,America/New_York,America/New_York
4720,2009-03-05,LGA,RDU,16.9167,18.6833,16.9333,18.4833,18.4333,17.35,False,America/New_York,America/New_York
4738,2009-03-05,LGA,RDU,18.4167,20.2667,18.3333,19.9667,19.9167,18.8167,False,America/New_York,America/New_York
6725,2009-03-05,LGA,RDU,18.4333,20.4,18.4333,20.2,20.1333,19.05,False,America/New_York,America/New_York
4736,2009-03-05,LGA,RDU,19.9333,21.7667,19.85,22.0667,21.9667,20.8333,False,America/New_York,America/New_York
523,2009-03-05,LGA,MSP,6.18333,9.18333,6.21667,9.5,8.48333,6.85,False,America/New_York,America/Chicago
1019,2009-03-05,LGA,MSP,7.91667,11.0333,7.83333,11.0833,10.1,8.35,False,America/New_York,America/Chicago
517,2009-03-05,LGA,MSP,11.35,14.4833,11.2833,14.4,13.4167,11.6333,False,America/New_York,America/Chicago
515,2009-03-05,LGA,MSP,12.9833,16,12.85,15.7667,14.8,13.0667,False,America/New_York,America/Chicago
511,2009-03-05,LGA,MSP,15.1833,18.2833,14.9833,18.4833,17.4,15.4833,False,America/New_York,America/Chicago
1273,2009-03-05,LGA,MSP,17.9167,21.1,17.8833,22.1,21.1333,18.45,False,America/New_York,America/Chicago
519,2009-03-05,LGA,MSP,20.4333,23.5833,20.2833,23.8167,22.7833,21,False,America/New_York,America/Chicago
451,2009-03-05,LGA,CLE,6.35,8.06667,6.26667,8.15,8.03333,6.9,False,America/New_York,America/New_York
2153,2009-03-05,LGA,CLE,9.91667,11.6667,9.91667,11.7167,11.6,10.4,False,America/New_York,America/New_York
2173,2009-03-05,LGA,CLE,12.9333,14.8,12.9167,14.6167,14.5167,13.3,False,America/New_York,America/New_York
4887,2009-03-05,LGA,CLE,15.0167,16.9333,14.9833,16.7333,16.6333,15.45,False,America/New_York,America/New_York
1057,2009-03-05,LGA,CLE,16.1833,18.0833,16.1333,18.0667,17.9667,16.6833,False,America/New_York,America/New_York
1651,2009-03-05,LGA,CLE,17.9167,19.7333,17.9167,20.0833,19.9833,18.55,False,America/New_York,America/New_York
2381,2009-03-05,LGA,CLE,19.4333,21.3333,19.2333,21.1167,21.05,19.85,False,America/New_York,America/New_York
4891,2009-03-05,LGA,CLE,20.4167,22.2667,20.1833,22.1833,22.1,20.9333,False,America/New_York,America/New_York
1997,2009-03-05,LGA,CLT,6.43333,8.5,6.33333,7.9,7.81667,6.56667,False,America/New_York,America/New_York
789,2009-03-05,LGA,CLT,8.1,10.2667,7.91667,10.3333,10.2,8.58333,False,America/New_York,America/New_York
1817,2009-03-05,LGA,CLT,9.93333,12.15,10.0833,11.8333,11.7667,10.45,False,America/New_York,America/New_York
1233,2009-03-05,LGA,CLT,11.1833,13.3667,10.9833,12.7333,12.65,11.3667,False,America/New_York,America/New_York
1573,2009-03-05,LGA,CLT,12.9167,14.95,12.8833,14.8667,14.7667,13.4667,False,America/New_York,America/New_York
1867,2009-03-05,LGA,CLT,14.6833,16.7667,14.55,16.3167,16.1667,14.85,False,America/New_York,America/New_York
1921,2009-03-05,LGA,CLT,16.9333,19.0833,16.8333,18.6833,18.6167,17.25,False,America/New_York,America/New_York
1489,2009-03-05,LGA,CLT,18.85,21.0167,18.8167,20.8333,20.7,19.3333,False,America/New_York,America/New_York
635,2009-03-05,LGA,MEM,6.43333,9.4,6.43333,9.45,8.41667,7.08333,False,America/New_York,America/Chicago
177,2009-03-05,LGA,MEM,11.2667,14.3,11.5333,14.2333,13.2333,11.8333,False,America/New_York,America/Chicago
631,2009-03-05,LGA,MEM,16.4333,19.45,16.2833,19.1833,18.1333,16.75,False,America/New_York,America/Chicago
4834,2009-03-05,LGA,XNA,6.76667,10.4167,6.68333,9.96667,8.98333,6.98333,False,America/New_York,America/Chicago
4825,2009-03-05,LGA,XNA,14.5167,18.1,14.5167,17.7167,16.75,14.7167,False,America/New_York,America/Chicago
4913,2009-03-05,LGA,XNA,18.9167,22.6,18.7333,22.6167,21.6,19.2167,False,America/New_York,America/Chicago
1493,2009-03-05,LGA,PBI,6.93333,10.0833,6.85,9.51667,9.45,7.21667,False,America/New_York,America/New_York
363,2009-03-05,LGA,PBI,7.43333,10.3667,7.31667,9.76667,9.7,7.61667,False,America/New_York,America/New_York
1495,2009-03-05,LGA,PBI,10.4167,13.8333,10.6333,13.2167,13.1333,10.9333,False,America/New_York,America/New_York
1239,2009-03-05,LGA,PBI,11.85,15.1,11.6833,14.45,14.25,11.8833,False,America/New_York,America/New_York
1497,2009-03-05,LGA,PBI,14.3667,17.5167,14.4833,17.1333,17.0667,14.8167,False,America/New_York,America/New_York
1499,2009-03-05,LGA,PBI,18.9333,22.1833,18.9,22.1,22.0333,19.8,False,America/New_York,America/New_York
369,2009-03-05,LGA,PBI,20.9333,23.8667,20.9167,23.7,23.65,21.5333,False,America/New_York,America/New_York
216,2009-03-05,LGA,MKE,6.93333,9.05,6.68333,8.93333,7.9,6.95,False,America/New_York,America/Chicago
327,2009-03-05,LGA,MKE,17.0833,19.25,16.9833,19.35,18.35,17.4,False,America/New_York,America/Chicago
1491,2009-03-05,LGA,MSY,7.1,10.55,7.1,10.4,9.4,7.66667,False,America/New_York,America/Chicago
6671,2009-03-05,LGA,MSY,18.5167,21.9167,19.1,22.4833,21.4,19.85,False,America/New_York,America/Chicago
1483,2009-03-05,LGA,MCO,7.18333,10.0667,7.05,9.48333,9.33333,7.3,False,America/New_York,America/New_York
341,2009-03-05,LGA,MCO,7.93333,10.85,7.85,10.2833,10.0667,8.08333,False,America/New_York,America/New_York
1753,2009-03-05,LGA,MCO,8.93333,11.7667,8.78333,11.5333,11.45,9.3,False,America/New_York,America/New_York
1485,2009-03-05,LGA,MCO,10.1667,13.3667,10.3,12.8333,12.7333,10.7167,False,America/New_York,America/New_York
1451,2009-03-05,LGA,MCO,14.65,17.6333,14.8667,17.5667,17.4667,15.4167,False,America/New_York,America/New_York
395,2009-03-05,LGA,MCO,14.85,17.7667,14.7167,17.2333,17.0833,15.05,False,America/New_York,America/New_York
1489,2009-03-05,LGA,MCO,17.6,20.6667,17.5167,20.0833,20.0167,18.05,False,America/New_York,America/New_York
1719,2009-03-05,LGA,MCO,20.4333,23.4333,20.35,23.25,23.15,21.1333,False,America/New_York,America/New_York
403,2009-03-05,LGA,DEN,7.25,12,7.86667,13.15,10.6,8.38333,False,America/New_York,America/Denver
505,2009-03-05,LGA,DEN,9.01667,13.5833,8.9,14.05,11.8333,9.63333,False,America/New_York,America/Denver
405,2009-03-05,LGA,DEN,10.6,15.35,10.5667,15.3667,13.15,10.8833,False,America/New_York,America/Denver
745,2009-03-05,LGA,DEN,14.5667,19.2333,14.6167,19.5167,17.35,14.9,False,America/New_York,America/Denver
409,2009-03-05,LGA,DEN,17.4167,22.0833,17.4,22.0667,19.9,17.85,False,America/New_York,America/Denver
511,2009-03-05,LGA,DEN,17.4333,21.9,17.4,22.65,20.4667,17.95,False,America/New_York,America/Denver
1503,2009-03-05,LGA,TPA,7.51667,10.5667,7.45,9.8,9.73333,7.6,False,America/New_York,America/New_York
1505,2009-03-05,LGA,TPA,11.2,14.4833,11.1333,13.8167,13.7333,11.4833,False,America/New_York,America/New_York
1507,2009-03-05,LGA,TPA,14.6167,17.7833,14.5333,17.2167,17.15,14.8833,False,America/New_York,America/New_York
1509,2009-03-05,LGA,TPA,18.8,22,18.75,21.55,21.4833,19.3,False,America/New_York,America/New_York
6813,2009-03-05,LGA,JAX,8,11.0333,7.85,10.4333,10.3167,8.41667,False,America/New_York,America/New_York
6747,2009-03-05,LGA,JAX,9.91667,12.8667,9.85,12.1667,12.1,10.3167,False,America/New_York,America/New_York
6779,2009-03-05,LGA,JAX,15.5167,18.3,15.3833,18.1,18.0167,16.1333,False,America/New_York,America/New_York
6773,2009-03-05,LGA,JAX,19.9333,22.7833,19.9333,22.6833,22.6,20.8,False,America/New_York,America/New_York
1855,2009-03-05,LGA,STL,8.1,10.9333,8,10.5833,9.58333,8.43333,False,America/New_York,America/Chicago
1589,2009-03-05,LGA,STL,11.9333,14.85,11.8333,14.5167,13.4667,12.0833,False,America/New_York,America/Chicago
2223,2009-03-05,LGA,STL,16.4167,19.3333,16.3,19.0833,18.1,16.7333,False,America/New_York,America/Chicago
2019,2009-03-05,LGA,STL,19.85,22.6833,19.7167,22.6333,21.6667,20.4333,False,America/New_York,America/Chicago
1151,2009-03-05,LGA,BNA,8.41667,11,8.33333,10.65,9.63333,8.73333,False,America/New_York,America/Chicago
1741,2009-03-05,LGA,BNA,15.1,17.7667,15.0333,17.55,16.55,15.5667,False,America/New_York,America/Chicago
1551,2009-03-05,LGA,BNA,18.85,21.4333,18.85,21.35,20.3333,19.3833,False,America/New_York,America/Chicago
6411,2009-03-05,LGA,RIC,8.51667,10.2667,8.35,10.2,10.1,9.05,False,America/New_York,America/New_York
6759,2009-03-05,LGA,RIC,11.5167,13.15,11.2667,12.85,12.7667,11.8333,False,America/New_York,America/New_York
6493,2009-03-05,LGA,RIC,14.9333,16.75,14.7667,16.45,16.3667,15.2667,False,America/New_York,America/New_York
6499,2009-03-05,LGA,RIC,17.9333,19.4833,17.8333,19.4667,19.35,18.5167,False,America/New_York,America/New_York
6553,2009-03-05,LGA,CHS,8.51667,11.0667,8.76667,11.6833,11.5667,9.81667,False,America/New_York,America/New_York
6733,2009-03-05,LGA,CHS,10.9333,13.5167,11.0167,13.1833,13.0667,11.5333,False,America/New_York,America/New_York
6481,2009-03-05,LGA,CHS,14.6833,17.1333,14.6833,17.35,17.2667,15.6167,False,America/New_York,America/New_York
6771,2009-03-05,LGA,CHS,16.9167,19.2833,16.7667,19.0167,18.9333,17.3,False,America/New_York,America/New_York
6749,2009-03-05,LGA,CHS,21.4333,23.8833,21.2667,23.35,23.2667,21.7667,False,America/New_York,America/New_York
6447,2009-03-05,LGA,GSO,8.65,10.85,8.51667,10.4,10.3333,9.21667,False,America/New_York,America/New_York
6669,2009-03-05,LGA,GSO,14.8167,16.9167,14.9333,17,16.9333,15.6833,False,America/New_York,America/New_York
6691,2009-03-05,LGA,GSO,17.1,19.0333,17.0167,18.9,18.8333,17.5667,False,America/New_York,America/New_York
4871,2009-03-05,LGA,PIT,8.76667,10.4333,8.7,10.3,10.25,9.26667,False,America/New_York,America/New_York
1539,2009-03-05,LGA,PIT,10.5167,12.2333,10.3333,11.7833,11.7167,10.6833,False,America/New_York,America/New_York
4903,2009-03-05,LGA,PIT,15.1833,16.85,15.0167,16.7,16.65,15.6333,False,America/New_York,America/New_York
1260,2009-03-05,LGA,PIT,15.6833,17.2833,15.6833,17.25,17.1833,16.2333,False,America/New_York,America/New_York
2174,2009-03-05,LGA,IND,8.85,12.1667,8.73333,12.3667,11.35,9.66667,False,America/New_York,America/Indiana/Indianapolis
2176,2009-03-05,LGA,IND,10.9167,14.25,10.6833,13.7167,12.8167,10.9667,False,America/New_York,America/Indiana/Indianapolis
2178,2009-03-05,LGA,IND,13.4167,16.7167,13.3833,16.4,15.5167,13.8333,False,America/New_York,America/Indiana/Indianapolis
1227,2009-03-05,LGA,IND,19.4333,22.9833,19.2333,22.75,21.7833,19.95,False,America/New_York,America/Indiana/Indianapolis
4849,2009-03-05,LGA,CMH,8.91667,10.9333,8.88333,11,10.8667,9.51667,False,America/New_York,America/New_York
6611,2009-03-05,LGA,CMH,10.4167,12.6167,10.35,12.4167,12.25,10.8333,False,America/New_York,America/New_York
4878,2009-03-05,LGA,CMH,12.6,14.4333,12.5,14.1167,14.05,12.7,False,America/New_York,America/New_York
4919,2009-03-05,LGA,CMH,15.6833,17.6833,15.55,17.5833,17.4833,16.15,False,America/New_York,America/New_York
4855,2009-03-05,LGA,CMH,18.35,20.4333,18.2667,20.25,20.1667,18.8,False,America/New_York,America/New_York
4888,2009-03-05,LGA,CMH,19.7667,21.85,19.6,21.65,21.5667,20.2667,False,America/New_York,America/New_York
4879,2009-03-05,LGA,CMH,20.9333,22.9333,20.8167,22.9167,22.8333,21.4833,False,America/New_York,America/New_York
6497,2009-03-05,LGA,SAV,9.01667,11.8167,9.01667,11.85,11.7333,10.0167,False,America/New_York,America/New_York
6689,2009-03-05,LGA,SAV,13.6833,16.2167,14.1833,16.3167,16.1833,14.5,False,America/New_York,America/New_York
6757,2009-03-05,LGA,SAV,19.4333,21.95,19.35,21.9333,21.8167,20.15,False,America/New_York,America/New_York
282,2009-03-05,LGA,PHF,9.16667,10.6667,8.98333,10.3833,10.3167,9.55,False,America/New_York,America/New_York
915,2009-03-05,LGA,PHF,18.9167,20.4167,18.9333,20.4333,20.3667,19.5833,False,America/New_York,America/New_York
6571,2009-03-05,LGA,GSP,9.43333,11.9667,9.43333,11.9,11.8833,10.2333,False,America/New_York,America/New_York
5325,2009-03-05,LGA,CAE,10.1,12.4667,10.1833,12.1333,12.0833,10.6667,False,America/New_York,America/New_York
5538,2009-03-05,LGA,CAE,21.5167,23.5667,21.3833,23.3667,23.3167,21.85,False,America/New_York,America/New_York
202,2009-03-05,LGA,CAK,10.4167,12.0833,10.3667,11.7833,11.7167,10.6333,False,America/New_York,America/New_York
213,2009-03-05,LGA,CAK,19.6,21.35,19.5167,21.3833,21.3167,20.2,False,America/New_York,America/New_York
4837,2009-03-05,LGA,MSN,10.9333,13.6833,10.7667,13.3833,12.3333,11,False,America/New_York,America/Chicago
2898,2009-03-05,LGA,MSN,21.1,23.7667,21,23.8,22.8667,21.6667,False,America/New_York,America/Chicago
6543,2009-03-05,LGA,MCI,11.35,14.5833,11.1833,14.9333,13.8833,11.8167,False,America/New_York,America/Chicago
6521,2009-03-05,LGA,MCI,18.6,21.9167,18.6,22.4333,21.4,19.5333,False,America/New_York,America/Chicago
2850,2009-03-05,LGA,DSM,11.7667,15.1,11.6167,14.6333,13.6667,11.9833,False,America/New_York,America/Chicago
4822,2009-03-05,LGA,DSM,17.9333,21.1833,17.8833,21.5,20.5333,18.5333,False,America/New_York,America/Chicago
6425,2009-03-05,LGA,BHM,12.9167,15.6667,12.7833,15.2833,14.3167,13.1,False,America/New_York,America/Chicago
6677,2009-03-05,LGA,BHM,21.8167,24.35,21.8167,24.1333,23.0167,22.0167,False,America/New_York,America/Chicago
6619,2009-03-05,LGA,TYS,13.9167,16.2667,13.75,15.85,15.7667,14.1,False,America/New_York,America/New_York
6473,2009-03-05,LGA,TYS,20.9333,23.2667,20.85,23.1833,23.1,21.5833,False,America/New_York,America/New_York
1501,2009-03-05,LGA,RSW,15.6833,19.1,15.65,18.8,18.7,16.1833,False,America/New_York,America/New_York
2151,2009-03-05,LGA,GRR,18.35,21.2,18.2833,21.2833,20.6333,18.8833,False,America/New_York,America/Detroit
2552,2009-03-05,LGA,MBS,19.5167,22.5167,19.2667,22.1667,21.5,19.8833,False,America/New_York,America/Detroit
6541,2009-03-05,LGA,LEX,20.9333,23.2667,20.9333,23.4,23.3,21.6,False,America/New_York,America/New_York
