flight_number,date,origin_airport,destination_airport,scheduled_departure_time,scheduled_arrival_time,actual_departure_time,actual_arrival_time,wheels_on_time,wheels_off_time,cancelled,origin_time_zone,destination_time_zone
514,2007-04-26,DEN,LGA,2.58333,6.01667,2.48333,6.13333,7.95,2.63333,False,America/Denver,America/New_York
400,2007-04-26,DEN,LGA,9.51667,13.0333,9.45,13.0333,15.05,9.68333,False,America/Denver,America/New_York
358,2007-04-26,DEN,LGA,11,14.6167,10.9833,14.75,16.7333,11.3667,False,America/Denver,America/New_York
402,2007-04-26,DEN,LGA,12.7667,16.3833,12.7667,16.3333,18.3333,13,False,America/Denver,America/New_York
510,2007-04-26,DEN,LGA,12.9167,16.4167,12.9,16.4667,18.4333,13.1333,False,America/Denver,America/New_York
1194,2007-04-26,DEN,LGA,14.8,18.4167,14.7833,18.3167,20.2833,15,False,America/Denver,America/New_York
894,2007-04-26,DEN,LGA,15.8333,19.45,15.8833,19.4833,21.4833,16.1167,False,America/Denver,America/New_York
516,2007-04-26,DEN,LGA,17.25,20.7667,18.1,21.65,23.6167,18.4,False,America/Denver,America/New_York
406,2007-04-26,DEN,LGA,17.75,21.3667,17.8333,21.4333,23.4333,18.0333,False,America/Denver,America/New_York
408,2007-04-26,DEN,LGA,19.8833,23.45,19.9333,23.65,25.65,20.3667,False,America/Denver,America/New_York
4863,2007-04-26,CMH,LGA,5.68333,7.25,5.63333,7.11667,6.96667,5.85,False,America/New_York,America/New_York
5302,2007-04-26,CMH,LGA,6.26667,8.01667,6.26667,7.76667,7.63333,6.46667,False,America/New_York,America/New_York
4870,2007-04-26,CMH,LGA,8.85,10.6,8.9,10.35,10.2833,9.1,False,America/New_York,America/New_York
4858,2007-04-26,CMH,LGA,10.1833,11.85,10.2,11.7833,11.5833,10.4667,False,America/New_York,America/New_York
4991,2007-04-26,CMH,LGA,11.4333,13.1667,11.4333,13.3333,13.1833,11.8,False,America/New_York,America/New_York
5269,2007-04-26,CMH,LGA,16.2667,18.1,16.2333,18.1,17.9333,16.6,False,America/New_York,America/New_York
4918,2007-04-26,CMH,LGA,16.9333,18.75,17.15,18.9,18.8,17.45,False,America/New_York,America/New_York
4881,2007-04-26,CMH,LGA,19.1,20.85,19.2667,20.8833,20.6833,19.4333,False,America/New_York,America/New_York
5225,2007-04-26,CMH,LGA,19.2667,20.9333,19.1,21.2167,20.9833,19.5833,False,America/New_York,America/New_York
4867,2007-04-26,BGR,LGA,5.68333,7.1,5.9,7.4,7.28333,6.06667,False,America/New_York,America/New_York
2028,2007-04-26,STL,LGA,6.85,9.26667,6.76667,9.18333,9.9,6.98333,False,America/Chicago,America/New_York
840,2007-04-26,STL,LGA,11.4333,13.9333,11.4,13.7333,14.5667,11.5667,False,America/Chicago,America/New_York
576,2007-04-26,STL,LGA,14.1833,16.6833,14.1667,16.6167,17.4,14.4,False,America/Chicago,America/New_York
1186,2007-04-26,STL,LGA,17.0167,19.6,17.5167,20.0167,20.8,17.95,False,America/Chicago,America/New_York
1060,2007-04-26,STL,LGA,20.1833,22.6833,20.7333,23.4167,24.1833,21.2,False,America/Chicago,America/New_York
370,2007-04-26,FLL,LGA,5.93333,8.7,5.93333,8.6,8.36667,6.15,False,America/New_York,America/New_York
1895,2007-04-26,FLL,LGA,7.93333,10.9,7.85,10.7167,10.45,8.08333,False,America/New_York,America/New_York
372,2007-04-26,FLL,LGA,9.76667,12.5833,9.83333,12.5333,12.35,10.1,False,America/New_York,America/New_York
1482,2007-04-26,FLL,LGA,11.2667,14.3667,11.25,14.1167,13.9167,11.5333,False,America/New_York,America/New_York
376,2007-04-26,FLL,LGA,12.4333,15.4833,12.7667,15.4,15.2667,12.9667,False,America/New_York,America/New_York
626,2007-04-26,FLL,LGA,13.4333,16.4333,14,16.7167,16.5833,14.2333,False,America/New_York,America/New_York
1786,2007-04-26,FLL,LGA,15.7667,18.9333,15.7,18.4833,18.35,15.9833,False,America/New_York,America/New_York
378,2007-04-26,FLL,LGA,18.1,21.1,18.55,21.1667,21.1,18.7333,False,America/New_York,America/New_York
1672,2007-04-26,FLL,LGA,19.0167,22.0667,18.8833,21.6833,21.5,19.0833,False,America/New_York,America/New_York
382,2007-04-26,FLL,LGA,20.1,22.9333,20.1,22.6333,22.5333,20.3,False,America/New_York,America/New_York
1905,2007-04-26,BOS,LGA,5.93333,7.08333,5.91667,6.91667,6.83333,6.16667,False,America/New_York,America/New_York
2115,2007-04-26,BOS,LGA,5.93333,7.06667,5.85,6.88333,6.8,6.11667,False,America/New_York,America/New_York
1907,2007-04-26,BOS,LGA,6.43333,7.56667,6.41667,7.75,7.68333,6.73333,False,America/New_York,America/New_York
4806,2007-04-26,BOS,LGA,6.93333,8.18333,6.78333,8.31667,8.25,7.05,False,America/New_York,America/New_York
2117,2007-04-26,BOS,LGA,6.93333,8.1,6.88333,8.43333,8.3,7.11667,False,America/New_York,America/New_York
1909,2007-04-26,BOS,LGA,7.43333,8.61667,7.4,8.73333,8.65,7.7,False,America/New_York,America/New_York
2197,2007-04-26,BOS,LGA,7.43333,8.6,7.56667,9.05,8.8,7.85,False,America/New_York,America/New_York
2119,2007-04-26,BOS,LGA,7.93333,9.1,7.88333,9.08333,8.95,8.03333,False,America/New_York,America/New_York
1911,2007-04-26,BOS,LGA,8.43333,9.63333,8.4,9.75,9.61667,8.73333,False,America/New_York,America/New_York
4808,2007-04-26,BOS,LGA,8.6,9.85,8.5,9.83333,9.68333,8.83333,False,America/New_York,America/New_York
2121,2007-04-26,BOS,LGA,8.93333,10.1167,8.9,10,9.95,9.1,False,America/New_York,America/New_York
1913,2007-04-26,BOS,LGA,9.43333,10.6,9.38333,10.5667,10.4833,9.71667,False,America/New_York,America/New_York
2123,2007-04-26,BOS,LGA,9.93333,11.0667,9.86667,11,10.9167,10.1,False,America/New_York,America/New_York
4810,2007-04-26,BOS,LGA,10.2667,11.4167,10.3,11.3667,11.2667,10.4167,False,America/New_York,America/New_York
1915,2007-04-26,BOS,LGA,10.4333,11.5167,10.4,11.4667,11.3833,10.5833,False,America/New_York,America/New_York
2125,2007-04-26,BOS,LGA,10.9333,12.0667,10.85,12.1,11.9667,11.0333,False,America/New_York,America/New_York
1917,2007-04-26,BOS,LGA,11.4333,12.5333,11.4333,12.5333,12.45,11.6,False,America/New_York,America/New_York
2127,2007-04-26,BOS,LGA,11.9333,13.0333,11.95,13.1,13,12.1667,False,America/New_York,America/New_York
4814,2007-04-26,BOS,LGA,12.2667,13.4333,12.3167,13.4,13.3333,12.5333,False,America/New_York,America/New_York
1919,2007-04-26,BOS,LGA,12.4333,13.5333,12.4,13.7,13.5833,12.6667,False,America/New_York,America/New_York
2129,2007-04-26,BOS,LGA,12.9333,14.0667,12.9667,13.8333,13.75,13.1,False,America/New_York,America/New_York
1921,2007-04-26,BOS,LGA,13.4333,14.6833,13.4833,14.45,14.3833,13.7333,False,America/New_York,America/New_York
4816,2007-04-26,BOS,LGA,13.6,14.7667,13.6667,14.6167,14.55,13.9,False,America/New_York,America/New_York
2131,2007-04-26,BOS,LGA,13.9333,15.0833,14.0333,15.1,14.95,14.2333,False,America/New_York,America/New_York
1923,2007-04-26,BOS,LGA,14.4333,15.5833,14.4,15.45,15.4,14.6333,False,America/New_York,America/New_York
2133,2007-04-26,BOS,LGA,14.9333,16.0333,14.95,16.0667,15.9333,15.1167,False,America/New_York,America/New_York
1925,2007-04-26,BOS,LGA,15.4333,16.55,15.4167,16.25,16.2167,15.5833,False,America/New_York,America/New_York
4818,2007-04-26,BOS,LGA,15.6,16.7667,15.5333,16.5333,16.4333,15.75,False,America/New_York,America/New_York
2135,2007-04-26,BOS,LGA,15.9333,17.1333,15.9,16.8167,16.7,16.0167,False,America/New_York,America/New_York
1927,2007-04-26,BOS,LGA,16.4333,17.6,16.4,17.6167,17.5333,16.85,False,America/New_York,America/New_York
2137,2007-04-26,BOS,LGA,16.9333,18.1167,16.9167,18.0167,17.9667,17.2333,False,America/New_York,America/New_York
4820,2007-04-26,BOS,LGA,17.0167,18.2667,16.9667,18.4,18.3,17.3333,False,America/New_York,America/New_York
1929,2007-04-26,BOS,LGA,17.4333,18.65,17.3833,18.6167,18.5667,17.65,False,America/New_York,America/New_York
2139,2007-04-26,BOS,LGA,17.9333,19.15,17.8833,18.8667,18.7667,18.0167,False,America/New_York,America/New_York
4823,2007-04-26,BOS,LGA,18.1,19.2667,18,19.2167,19.05,18.1833,False,America/New_York,America/New_York
1931,2007-04-26,BOS,LGA,18.4333,19.6333,18.4,19.5333,19.4667,18.7833,False,America/New_York,America/New_York
2141,2007-04-26,BOS,LGA,18.9333,20.2,18.8833,20.0167,19.7833,19.05,False,America/New_York,America/New_York
1933,2007-04-26,BOS,LGA,19.4333,20.9333,19.4167,20.75,20.7,19.9667,False,America/New_York,America/New_York
2143,2007-04-26,BOS,LGA,19.9333,21.1167,19.85,21.1333,21.0333,20.3333,False,America/New_York,America/New_York
1935,2007-04-26,BOS,LGA,20.4333,21.6167,20.4,21.4,21.35,20.6667,False,America/New_York,America/New_York
4751,2007-04-26,RDU,LGA,5.93333,7.51667,5.85,7.18333,7.11667,6.08333,False,America/New_York,America/New_York
5499,2007-04-26,RDU,LGA,6.93333,8.51667,6.88333,8.45,8.16667,7.15,False,America/New_York,America/New_York
4727,2007-04-26,RDU,LGA,7.01667,8.6,6.93333,8.4,8.21667,7.21667,False,America/New_York,America/New_York
4728,2007-04-26,RDU,LGA,8.85,10.4167,8.98333,10.4333,10.3833,9.2,False,America/New_York,America/New_York
5489,2007-04-26,RDU,LGA,9.26667,10.9333,11.0167,12.4833,12.3833,11.2667,False,America/New_York,America/New_York
4732,2007-04-26,RDU,LGA,10.4333,11.9333,11.5667,12.85,12.7833,11.7167,False,America/New_York,America/New_York
4734,2007-04-26,RDU,LGA,12.1,13.75,12.25,13.9167,13.8333,12.5667,False,America/New_York,America/New_York
4741,2007-04-26,RDU,LGA,15.1833,16.85,15.1667,16.5333,16.45,15.3667,False,America/New_York,America/New_York
5162,2007-04-26,RDU,LGA,15.6833,17.4,16.5167,17.9833,17.7833,16.6833,False,America/New_York,America/New_York
1122,2007-04-26,RDU,LGA,16.6833,18.2667,16.65,18.45,18.2667,17.1167,False,America/New_York,America/New_York
4735,2007-04-26,RDU,LGA,18.0167,19.6833,18.1,19.4167,19.35,18.3,False,America/New_York,America/New_York
5350,2007-04-26,RDU,LGA,18.7667,20.4333,18.7667,20.2667,20.05,18.9333,False,America/New_York,America/New_York
4745,2007-04-26,RDU,LGA,19.6833,21.35,19.7,21.15,21.0833,19.8833,False,America/New_York,America/New_York
4821,2007-04-26,DSM,LGA,6.85,9.51667,6.75,9.35,10.15,6.91667,False,America/Chicago,America/New_York
5006,2007-04-26,TYS,LGA,5.93333,7.91667,5.76667,7.68333,7.55,5.96667,False,America/New_York,America/New_York
5252,2007-04-26,TYS,LGA,17.9333,19.9333,18.2667,20.4333,19.9833,18.6,False,America/New_York,America/New_York
668,2007-04-26,ORD,LGA,6.85,9.08333,6.8,8.83333,9.65,7.03333,False,America/Chicago,America/New_York
398,2007-04-26,ORD,LGA,7.26667,9.35,24.85,47.9333,24.85,24.85,True,America/Chicago,America/New_York
394,2007-04-26,ORD,LGA,7.76667,9.85,24.85,47.9333,24.85,24.85,True,America/Chicago,America/New_York
670,2007-04-26,ORD,LGA,7.85,10.15,7.76667,9.81667,10.6833,8.01667,False,America/Chicago,America/New_York
376,2007-04-26,ORD,LGA,8.51667,10.6833,8.81667,11.1667,11.95,9.3,False,America/Chicago,America/New_York
672,2007-04-26,ORD,LGA,8.85,11.15,8.76667,11.0667,11.9,9.2,False,America/Chicago,America/New_York
390,2007-04-26,ORD,LGA,8.93333,11.1,8.9,11.2667,12.0167,9.4,False,America/Chicago,America/New_York
386,2007-04-26,ORD,LGA,9.43333,11.6,9.43333,11.7333,12.2667,9.65,False,America/Chicago,America/New_York
674,2007-04-26,ORD,LGA,9.85,12.15,9.76667,11.8833,12.75,10.0167,False,America/Chicago,America/New_York
382,2007-04-26,ORD,LGA,10.5167,12.6,10.4667,12.4333,13.2333,10.6333,False,America/Chicago,America/New_York
676,2007-04-26,ORD,LGA,10.85,13.15,10.9167,13.1167,13.9833,11.2167,False,America/Chicago,America/New_York
380,2007-04-26,ORD,LGA,11.0167,13.1833,11.5333,13.6333,14.4333,11.7667,False,America/Chicago,America/New_York
678,2007-04-26,ORD,LGA,11.85,14.1167,13.0833,15.0833,15.9167,13.2667,False,America/Chicago,America/New_York
378,2007-04-26,ORD,LGA,12.1,14.35,12.9333,15.0833,15.9,13.2,False,America/Chicago,America/New_York
680,2007-04-26,ORD,LGA,12.8833,15.1833,12.8167,14.9667,15.8167,13,False,America/Chicago,America/New_York
374,2007-04-26,ORD,LGA,12.9333,15.1,13.5667,15.9167,16.6833,13.8667,False,America/Chicago,America/New_York
370,2007-04-26,ORD,LGA,13.6833,15.9333,15.6667,17.8167,18.6667,15.9667,False,America/Chicago,America/New_York
682,2007-04-26,ORD,LGA,13.8833,16.1333,13.95,16,16.8,14.1333,False,America/Chicago,America/New_York
368,2007-04-26,ORD,LGA,14.5167,16.9333,15.45,17.5667,18.4167,15.7,False,America/Chicago,America/New_York
684,2007-04-26,ORD,LGA,14.8333,17.3167,15.8667,18.1,18.95,16.1833,False,America/Chicago,America/New_York
366,2007-04-26,ORD,LGA,14.9333,17.35,24.85,47.9333,24.85,24.85,True,America/Chicago,America/New_York
362,2007-04-26,ORD,LGA,15.7667,18.0167,24.85,47.9333,24.85,24.85,True,America/Chicago,America/New_York
686,2007-04-26,ORD,LGA,15.85,18.2667,16.6167,18.9667,19.7833,16.9833,False,America/Chicago,America/New_York
360,2007-04-26,ORD,LGA,16.5167,18.85,24.85,47.9333,24.85,24.85,True,America/Chicago,America/New_York
688,2007-04-26,ORD,LGA,16.9167,19.3333,24.85,47.9333,24.85,24.85,True,America/Chicago,America/New_York
358,2007-04-26,ORD,LGA,17.6,19.9333,19.7,22.45,23.2833,20.6833,False,America/Chicago,America/New_York
690,2007-04-26,ORD,LGA,17.85,20.2667,18.9,20.9167,21.7833,19.15,False,America/Chicago,America/New_York
354,2007-04-26,ORD,LGA,17.9333,20.2667,24.85,47.9333,24.85,24.85,True,America/Chicago,America/New_York
350,2007-04-26,ORD,LGA,18.6833,21.0167,24.85,47.9333,24.85,24.85,True,America/Chicago,America/New_York
836,2007-04-26,ORD,LGA,18.85,21.2833,19.3,22.2,23.05,20.3833,False,America/Chicago,America/New_York
850,2007-04-26,ORD,LGA,19.85,22.3,21.55,24.1833,25,22.2167,False,America/Chicago,America/New_York
346,2007-04-26,ORD,LGA,20.0167,22.2667,22.9167,24.9833,25.85,23.1167,False,America/Chicago,America/New_York
692,2007-04-26,ORD,LGA,21.1833,23.4167,23.4333,25.6333,26.4667,23.8667,False,America/Chicago,America/New_York
336,2007-04-26,ORD,LGA,21.5167,23.6,24.85,47.9333,24.85,24.85,True,America/Chicago,America/New_York
2158,2007-04-26,DCA,LGA,5.93333,7.01667,5.85,6.66667,6.6,6.03333,False,America/New_York,America/New_York
1940,2007-04-26,DCA,LGA,6.76667,7.81667,23.9333,23.9333,23.9333,23.9333,True,America/New_York,America/New_York
2160,2007-04-26,DCA,LGA,6.93333,8.11667,6.9,7.95,7.88333,7.15,False,America/New_York,America/New_York
1942,2007-04-26,DCA,LGA,7.43333,8.55,7.4,8.78333,8.71667,7.95,False,America/New_York,America/New_York
4795,2007-04-26,DCA,LGA,7.6,8.76667,7.56667,8.88333,8.81667,8.01667,False,America/New_York,America/New_York
2162,2007-04-26,DCA,LGA,7.93333,9.05,7.9,9.08333,8.9,8.16667,False,America/New_York,America/New_York
1944,2007-04-26,DCA,LGA,8.43333,9.5,8.4,9.33333,9.26667,8.58333,False,America/New_York,America/New_York
4798,2007-04-26,DCA,LGA,8.68333,9.85,23.9333,23.9333,23.9333,23.9333,True,America/New_York,America/New_York
2164,2007-04-26,DCA,LGA,8.93333,10.1833,8.93333,10.2333,10.1667,9.4,False,America/New_York,America/New_York
1946,2007-04-26,DCA,LGA,9.43333,10.6333,9.43333,11.2167,11.0167,10.4333,False,America/New_York,America/New_York
2166,2007-04-26,DCA,LGA,9.93333,11.1167,9.86667,11.1333,11.0667,10.3667,False,America/New_York,America/New_York
1948,2007-04-26,DCA,LGA,10.4333,11.5,10.3667,11.6,11.5167,10.8833,False,America/New_York,America/New_York
2168,2007-04-26,DCA,LGA,10.9333,12.0333,10.7833,12,11.8667,11.1833,False,America/New_York,America/New_York
4786,2007-04-26,DCA,LGA,11.1833,12.4333,11.5167,12.4667,12.4333,11.6667,False,America/New_York,America/New_York
1950,2007-04-26,DCA,LGA,11.4167,12.4333,11.3833,12.35,12.2833,11.6,False,America/New_York,America/New_York
2170,2007-04-26,DCA,LGA,11.9333,13.0333,11.9,12.95,12.85,12.1333,False,America/New_York,America/New_York
1952,2007-04-26,DCA,LGA,12.4333,13.5833,12.4167,13.45,13.3833,12.7333,False,America/New_York,America/New_York
2172,2007-04-26,DCA,LGA,12.9333,14.0833,12.8667,14.1667,14.0833,13.2167,False,America/New_York,America/New_York
1954,2007-04-26,DCA,LGA,13.4333,14.8,13.65,14.7167,14.65,13.9167,False,America/New_York,America/New_York
2174,2007-04-26,DCA,LGA,13.9333,15.1,13.8667,14.8667,14.7333,14.05,False,America/New_York,America/New_York
1956,2007-04-26,DCA,LGA,14.4333,15.6333,14.6,15.9167,15.8667,15.1333,False,America/New_York,America/New_York
4790,2007-04-26,DCA,LGA,14.9333,16.1833,14.8667,16.05,16,15.3,False,America/New_York,America/New_York
2176,2007-04-26,DCA,LGA,14.9333,16.0833,14.9333,16.1833,16.0667,15.3667,False,America/New_York,America/New_York
1958,2007-04-26,DCA,LGA,15.4333,16.5833,15.4167,16.4,16.35,15.65,False,America/New_York,America/New_York
2178,2007-04-26,DCA,LGA,15.9333,17.0333,16.4167,17.65,17.55,16.8167,False,America/New_York,America/New_York
1960,2007-04-26,DCA,LGA,16.4333,17.5667,16.4,17.75,17.6833,16.9667,False,America/New_York,America/New_York
2180,2007-04-26,DCA,LGA,16.9333,18.1,16.95,18.1333,18.0167,17.2833,False,America/New_York,America/New_York
1962,2007-04-26,DCA,LGA,17.4333,18.7667,17.4167,18.4667,18.4167,17.6333,False,America/New_York,America/New_York
4792,2007-04-26,DCA,LGA,17.6,18.9333,17.8333,18.8,18.7167,17.9833,False,America/New_York,America/New_York
2182,2007-04-26,DCA,LGA,17.9333,19.1167,18,19.0833,18.9667,18.25,False,America/New_York,America/New_York
1964,2007-04-26,DCA,LGA,18.4333,19.6833,18.4167,19.35,19.2833,18.6167,False,America/New_York,America/New_York
4794,2007-04-26,DCA,LGA,18.85,20.1833,19.7,20.8167,20.6667,19.95,False,America/New_York,America/New_York
2184,2007-04-26,DCA,LGA,18.9333,20.0667,19.5,20.7,20.5667,19.9,False,America/New_York,America/New_York
1966,2007-04-26,DCA,LGA,19.4333,20.9333,19.4,20.3833,20.3167,19.65,False,America/New_York,America/New_York
2186,2007-04-26,DCA,LGA,19.9333,21.1167,20.25,21.2667,21.15,20.4333,False,America/New_York,America/New_York
1968,2007-04-26,DCA,LGA,20.4333,21.55,20.4,21.4333,21.4,20.65,False,America/New_York,America/New_York
2188,2007-04-26,DCA,LGA,20.9333,22.0333,22.05,22.85,22.7833,22.15,False,America/New_York,America/New_York
5247,2007-04-26,PWM,LGA,6.01667,7.38333,5.85,8.21667,7.81667,6.46667,False,America/New_York,America/New_York
5251,2007-04-26,PWM,LGA,12.0167,13.4833,11.9,13.2333,13.15,12.1667,False,America/New_York,America/New_York
5224,2007-04-26,PWM,LGA,18.5167,19.9333,18.5167,20.1,19.85,18.8667,False,America/New_York,America/New_York
4877,2007-04-26,DTW,LGA,6.7,7.75,6.68333,7.56667,8.06667,6.8,False,America/Detroit,America/New_York
526,2007-04-26,DTW,LGA,6.95,8.01667,6.9,8.06667,8.51667,7.21667,False,America/Detroit,America/New_York
540,2007-04-26,DTW,LGA,9.38333,10.4333,9.33333,10.35,10.8,9.55,False,America/Detroit,America/New_York
542,2007-04-26,DTW,LGA,10.7,11.7333,10.6167,11.6167,12.0333,10.8,False,America/Detroit,America/New_York
4884,2007-04-26,DTW,LGA,11.5333,12.6,11.3833,12.2667,12.7833,11.5833,False,America/Detroit,America/New_York
532,2007-04-26,DTW,LGA,12.5667,13.6167,12.65,13.9833,14.4167,12.9667,False,America/Detroit,America/New_York
4868,2007-04-26,DTW,LGA,13.1167,14.35,13.5667,14.5,15,13.6833,False,America/Detroit,America/New_York
528,2007-04-26,DTW,LGA,14.2833,15.4,14.3667,15.5,15.9667,14.6833,False,America/Detroit,America/New_York
4904,2007-04-26,DTW,LGA,14.6167,15.9333,16.9333,17.9167,18.4333,17.1167,False,America/Detroit,America/New_York
530,2007-04-26,DTW,LGA,15.8,17.0167,16.3333,17.55,17.9833,16.6333,False,America/Detroit,America/New_York
4883,2007-04-26,DTW,LGA,16.2833,17.6,16.8167,17.75,18.2333,16.9667,False,America/Detroit,America/New_York
536,2007-04-26,DTW,LGA,17.5167,18.6833,17.6333,18.8333,19.2833,17.9,False,America/Detroit,America/New_York
4861,2007-04-26,DTW,LGA,18.5333,19.7667,18.7167,19.8333,20.25,18.9833,False,America/Detroit,America/New_York
538,2007-04-26,DTW,LGA,19.7833,20.9167,19.9833,21.3167,21.7167,20.35,False,America/Detroit,America/New_York
262,2007-04-26,DTW,LGA,22.0333,23.0833,22.4833,23.6333,24.0667,22.8333,False,America/Detroit,America/New_York
5359,2007-04-26,LEX,LGA,6.1,8.05,6.1,7.71667,7.6,6.15,False,America/New_York,America/New_York
5555,2007-04-26,GSO,LGA,6.1,7.71667,6.01667,7.38333,7.26667,6.16667,False,America/New_York,America/New_York
5561,2007-04-26,GSO,LGA,12.6833,14.3833,12.6833,14.2667,14.0167,12.8167,False,America/New_York,America/New_York
5376,2007-04-26,CHS,LGA,6.13333,8.16667,6.05,7.76667,7.66667,6.13333,False,America/New_York,America/New_York
5066,2007-04-26,CHS,LGA,11.6333,13.85,11.5667,13.4667,13.2333,11.6333,False,America/New_York,America/New_York
5138,2007-04-26,CHS,LGA,17.85,19.95,17.85,19.8667,19.6167,18.1167,False,America/New_York,America/New_York
5504,2007-04-26,SAV,LGA,6.16667,8.43333,6.16667,8.68333,8.26667,6.76667,False,America/New_York,America/New_York
5011,2007-04-26,SAV,LGA,11.9333,14.2833,12.4333,14.85,14.2833,12.6833,False,America/New_York,America/New_York
5598,2007-04-26,SAV,LGA,14.7667,17.0167,15.1833,17.3167,17.0333,15.35,False,America/New_York,America/New_York
4886,2007-04-26,CLE,LGA,6.18333,7.68333,6.01667,7.36667,7.3,6.25,False,America/New_York,America/New_York
1750,2007-04-26,CLE,LGA,7.68333,9.25,7.53333,8.95,8.86667,7.78333,False,America/New_York,America/New_York
1550,2007-04-26,CLE,LGA,8.51667,10.0667,8.41667,9.96667,9.86667,8.78333,False,America/New_York,America/New_York
4889,2007-04-26,CLE,LGA,9.85,11.35,9.8,11.5,11.3,10.2333,False,America/New_York,America/New_York
2380,2007-04-26,CLE,LGA,10.8833,12.4333,11.2667,12.8333,12.75,11.55,False,America/New_York,America/New_York
1450,2007-04-26,CLE,LGA,15.35,17.1333,15.3167,16.85,16.7667,15.6333,False,America/New_York,America/New_York
4828,2007-04-26,CLE,LGA,16.2667,17.9333,16.6667,18.3167,18.1333,16.9333,False,America/New_York,America/New_York
2607,2007-04-26,CLE,LGA,16.9333,18.6,16.9,18.6333,18.5333,17.1,False,America/New_York,America/New_York
4888,2007-04-26,CLE,LGA,18.85,20.5167,20.9,22.35,22.2333,21.1167,False,America/New_York,America/New_York
1050,2007-04-26,CLE,LGA,19.1,20.8167,19.1,20.7167,20.6167,19.4833,False,America/New_York,America/New_York
3145,2007-04-26,CLE,LGA,20.3,21.9167,20.5,22.1,21.95,20.7833,False,America/New_York,America/New_York
4942,2007-04-26,RIC,LGA,6.18333,7.5,6.18333,7.33333,7.2,6.35,False,America/New_York,America/New_York
5261,2007-04-26,RIC,LGA,10.9333,12.15,12.4333,14.5167,14.1,13.1333,False,America/New_York,America/New_York
5266,2007-04-26,RIC,LGA,17.1833,18.4667,17.4333,18.8167,18.6167,17.6833,False,America/New_York,America/New_York
1032,2007-04-26,IAH,LGA,7.35,10.9167,7.31667,10.6167,11.45,7.56667,False,America/Chicago,America/New_York
332,2007-04-26,IAH,LGA,8.68333,12.4167,8.6,11.9667,12.8,9,False,America/Chicago,America/New_York
232,2007-04-26,IAH,LGA,9.76667,13.5667,9.7,13.0167,13.8333,9.96667,False,America/Chicago,America/New_York
432,2007-04-26,IAH,LGA,11.5167,15.4167,11.8,15.1667,15.9833,12.0667,False,America/Chicago,America/New_York
1832,2007-04-26,IAH,LGA,12.5167,16.25,12.4833,15.9,16.7167,12.8667,False,America/Chicago,America/New_York
532,2007-04-26,IAH,LGA,14.2667,18.1,14.4,17.8,18.6167,14.75,False,America/Chicago,America/New_York
1532,2007-04-26,IAH,LGA,15.4333,19.2333,15.3833,18.9,19.7333,15.7667,False,America/Chicago,America/New_York
632,2007-04-26,IAH,LGA,16.9333,20.8,17.4667,20.8333,21.6333,17.75,False,America/Chicago,America/New_York
1632,2007-04-26,IAH,LGA,18.6,22.4667,18.75,22.2,23.0167,19.0833,False,America/Chicago,America/New_York
732,2007-04-26,IAH,LGA,19.7667,23.45,19.75,23.1,23.9,20.0833,False,America/Chicago,America/New_York
1432,2007-04-26,IAH,LGA,21.7667,25.0833,21.7,25.0667,25.8833,22.0667,False,America/Chicago,America/New_York
201,2007-04-26,CAK,LGA,6.43333,7.85,6.26667,7.6,7.51667,6.51667,False,America/New_York,America/New_York
203,2007-04-26,CAK,LGA,18.9167,20.3333,18.8333,20.1167,19.9833,18.9667,False,America/New_York,America/New_York
4922,2007-04-26,GRR,LGA,7.03333,8.35,6.98333,8.11667,8.61667,7.16667,False,America/Detroit,America/New_York
4750,2007-04-26,GRR,LGA,8.53333,9.93333,8.53333,9.71667,10.15,8.71667,False,America/Detroit,America/New_York
5120,2007-04-26,BHM,LGA,7.35,9.91667,7.35,9.76667,10.35,7.46667,False,America/Chicago,America/New_York
5694,2007-04-26,BHM,LGA,11.5167,14.15,11.5167,13.85,14.6,11.6,False,America/Chicago,America/New_York
5164,2007-04-26,BHM,LGA,18.35,20.9833,18.35,20.6833,21.5167,18.6,False,America/Chicago,America/New_York
1142,2007-04-26,ATL,LGA,6.68333,8.85,6.6,8.65,8.53333,6.83333,False,America/New_York,America/New_York
502,2007-04-26,ATL,LGA,6.68333,8.93333,6.65,8.75,8.46667,6.86667,False,America/New_York,America/New_York
504,2007-04-26,ATL,LGA,7.68333,9.93333,7.68333,9.65,9.56667,7.88333,False,America/New_York,America/New_York
360,2007-04-26,ATL,LGA,8.1,10.35,8.03333,10.1667,10.1167,8.23333,False,America/New_York,America/New_York
506,2007-04-26,ATL,LGA,8.68333,10.9167,8.65,10.85,10.7333,9.05,False,America/New_York,America/New_York
508,2007-04-26,ATL,LGA,9.68333,12.0667,9.63333,12.15,12.0333,10.35,False,America/New_York,America/New_York
2370,2007-04-26,ATL,LGA,9.85,12.1833,9.78333,12.2833,12.0667,10.3833,False,America/New_York,America/New_York
375,2007-04-26,ATL,LGA,10.3833,12.75,10.6,12.5667,12.5,10.8333,False,America/New_York,America/New_York
510,2007-04-26,ATL,LGA,10.6833,13.0833,10.65,12.8333,12.7,11,False,America/New_York,America/New_York
512,2007-04-26,ATL,LGA,11.6833,14.0667,11.7167,13.8,13.6833,12.05,False,America/New_York,America/New_York
366,2007-04-26,ATL,LGA,12.2167,14.4167,12.1667,14.1167,14.0333,12.3167,False,America/New_York,America/New_York
514,2007-04-26,ATL,LGA,12.6833,15.1667,12.6333,14.7833,14.6,12.8667,False,America/New_York,America/New_York
355,2007-04-26,ATL,LGA,13.0667,15.2667,13.5833,15.5667,15.4667,13.7667,False,America/New_York,America/New_York
516,2007-04-26,ATL,LGA,13.6833,15.9167,13.65,15.8667,15.65,14,False,America/New_York,America/New_York
362,2007-04-26,ATL,LGA,13.95,16.1333,14,16.2333,16.15,14.4667,False,America/New_York,America/New_York
518,2007-04-26,ATL,LGA,14.6833,17.0333,15.1,17.7333,17.5667,15.8667,False,America/New_York,America/New_York
1756,2007-04-26,ATL,LGA,14.85,17.1,15.0333,17.3,17.2333,15.55,False,America/New_York,America/New_York
520,2007-04-26,ATL,LGA,15.6833,17.9167,16.1333,18.4,18.1,16.4,False,America/New_York,America/New_York
522,2007-04-26,ATL,LGA,16.6833,19.0833,16.8167,19.2167,19.0167,17.2667,False,America/New_York,America/New_York
374,2007-04-26,ATL,LGA,17.6167,19.9167,18.5333,20.9333,20.7333,19.05,False,America/New_York,America/New_York
524,2007-04-26,ATL,LGA,17.6833,20.4333,17.6833,20.1167,19.8667,18.2,False,America/New_York,America/New_York
526,2007-04-26,ATL,LGA,18.6833,21.1833,18.6833,21.2833,21,19.3167,False,America/New_York,America/New_York
2394,2007-04-26,ATL,LGA,19.1,21.35,19.45,21.6,21.5333,19.8167,False,America/New_York,America/New_York
383,2007-04-26,ATL,LGA,19.9333,22.1833,19.9333,21.9667,21.8667,20.2,False,America/New_York,America/New_York
530,2007-04-26,ATL,LGA,20.6833,22.9333,20.95,23.1,22.95,21.3333,False,America/New_York,America/New_York
358,2007-04-26,ATL,LGA,21.1833,23.4,21.7333,23.6833,23.6,21.9,False,America/New_York,America/New_York
532,2007-04-26,ATL,LGA,21.6833,23.9167,22.25,24.1833,24.05,22.4167,False,America/New_York,America/New_York
700,2007-04-26,DFW,LGA,7.85,11.35,7.75,10.8667,11.7,7.9,False,America/Chicago,America/New_York
704,2007-04-26,DFW,LGA,8.68333,12.2667,8.66667,11.8167,12.5167,8.83333,False,America/Chicago,America/New_York
708,2007-04-26,DFW,LGA,9.43333,12.85,9.46667,12.7667,13.5,9.73333,False,America/Chicago,America/New_York
710,2007-04-26,DFW,LGA,10.4333,13.85,10.3333,13.45,14.2667,10.5167,False,America/Chicago,America/New_York
712,2007-04-26,DFW,LGA,11.0167,14.5167,11.0167,14.1833,15.0333,11.2333,False,America/Chicago,America/New_York
720,2007-04-26,DFW,LGA,11.6833,15.2667,11.8167,14.9167,15.7667,12,False,America/Chicago,America/New_York
728,2007-04-26,DFW,LGA,12.6,16.1,12.5167,15.7833,16.6333,12.7167,False,America/Chicago,America/New_York
732,2007-04-26,DFW,LGA,14.1833,17.7667,16.0667,19.3333,20.1833,16.35,False,America/Chicago,America/New_York
736,2007-04-26,DFW,LGA,14.85,18.4333,14.75,17.9667,18.8,14.9833,False,America/Chicago,America/New_York
740,2007-04-26,DFW,LGA,15.7667,19.35,15.9667,19.2667,20.1167,16.2833,False,America/Chicago,America/New_York
742,2007-04-26,DFW,LGA,16.6,20.1,16.55,19.8667,20.5167,16.7667,False,America/Chicago,America/New_York
744,2007-04-26,DFW,LGA,17.4333,21.1,17.9333,21.0833,21.8667,18.1167,False,America/Chicago,America/New_York
750,2007-04-26,DFW,LGA,18.2667,21.9333,18.55,21.75,22.5833,18.8333,False,America/Chicago,America/New_York
762,2007-04-26,DFW,LGA,18.7667,22.35,18.8167,22.15,22.8833,19.1167,False,America/Chicago,America/New_York
766,2007-04-26,DFW,LGA,20.1,23.5167,21.6667,24.75,25.5833,21.9,False,America/Chicago,America/New_York
520,2007-04-26,MSP,LGA,7.85,10.4833,7.73333,10.5167,11.3333,8.06667,False,America/Chicago,America/New_York
508,2007-04-26,MSP,LGA,10.1833,12.9,10.1333,12.95,13.7333,10.4167,False,America/Chicago,America/New_York
512,2007-04-26,MSP,LGA,11.8333,14.4833,11.9,14.5833,15.4,12.0333,False,America/Chicago,America/New_York
594,2007-04-26,MSP,LGA,14.1833,16.9667,14.2,17.0167,17.7667,14.5,False,America/Chicago,America/New_York
394,2007-04-26,MSP,LGA,16.1833,18.95,18.9167,21.8,22.5,19.1833,False,America/Chicago,America/New_York
306,2007-04-26,MSP,LGA,18.1833,20.9167,18.2833,21.1,21.85,18.5,False,America/Chicago,America/New_York
1272,2007-04-26,MSP,LGA,19.7833,22.4333,19.6833,22.65,23.2333,20.0167,False,America/Chicago,America/New_York
5098,2007-04-26,CLT,LGA,6.93333,8.8,6.93333,9.11667,8.45,7.15,False,America/New_York,America/New_York
4892,2007-04-26,CLT,LGA,7.1,8.93333,8.28333,9.91667,9.81667,8.46667,False,America/New_York,America/New_York
810,2007-04-26,CLT,LGA,7.93333,9.8,8.11667,9.85,9.78333,8.3,False,America/New_York,America/New_York
4894,2007-04-26,CLT,LGA,9.1,10.9333,9.05,10.7167,10.6,9.35,False,America/New_York,America/New_York
1902,2007-04-26,CLT,LGA,9.76667,11.7167,10.5333,12.0333,11.9333,10.6833,False,America/New_York,America/New_York
5531,2007-04-26,CLT,LGA,10.0167,11.9833,9.93333,11.75,11.65,10.35,False,America/New_York,America/New_York
938,2007-04-26,CLT,LGA,11.5167,13.45,11.4667,13.3,13.2333,11.9833,False,America/New_York,America/New_York
1718,2007-04-26,CLT,LGA,12.85,14.65,12.8333,14.5333,14.4333,13.0833,False,America/New_York,America/New_York
5351,2007-04-26,CLT,LGA,12.9167,14.9167,12.6833,15.1333,14.8,13.4,False,America/New_York,America/New_York
4898,2007-04-26,CLT,LGA,13.5167,15.4333,13.8833,15.5167,15.4167,14.0833,False,America/New_York,America/New_York
1520,2007-04-26,CLT,LGA,14.1,15.8667,14.1333,15.6667,15.5667,14.35,False,America/New_York,America/New_York
1610,2007-04-26,CLT,LGA,15.6833,17.4333,15.85,17.9333,17.8,16.5167,False,America/New_York,America/New_York
4896,2007-04-26,CLT,LGA,15.7667,17.7667,16.2,18.1833,18.0667,16.6667,False,America/New_York,America/New_York
5536,2007-04-26,CLT,LGA,17.35,19.4167,17.35,19.5,19.2667,17.8333,False,America/New_York,America/New_York
1253,2007-04-26,CLT,LGA,17.7667,19.6333,17.8667,19.5667,19.45,18.1667,False,America/New_York,America/New_York
4900,2007-04-26,CLT,LGA,18.6,20.5167,18.5667,20.5,20.2833,19,False,America/New_York,America/New_York
1630,2007-04-26,CLT,LGA,19.6,21.4333,19.6667,21.35,21.25,19.95,False,America/New_York,America/New_York
1408,2007-04-26,CLT,LGA,21.85,23.65,22.2167,23.9833,23.8667,22.5167,False,America/New_York,America/New_York
5355,2007-04-26,GSP,LGA,6.93333,8.95,6.85,9.1,8.66667,7.2,False,America/New_York,America/New_York
5374,2007-04-26,GSP,LGA,16.8333,18.7833,16.6667,18.5667,18.4333,16.9167,False,America/New_York,America/New_York
758,2007-04-26,IAD,LGA,6.98333,8.3,6.93333,8.05,7.98333,7.23333,False,America/New_York,America/New_York
846,2007-04-26,IAD,LGA,8.4,9.71667,9.18333,11.3,11.15,10.45,False,America/New_York,America/New_York
7424,2007-04-26,IAD,LGA,10.4333,11.75,10.3333,11.5,11.3333,10.5667,False,America/New_York,America/New_York
7365,2007-04-26,IAD,LGA,12.3833,13.7,12.35,13.65,13.5,12.75,False,America/New_York,America/New_York
7236,2007-04-26,IAD,LGA,15.3833,16.7,15.9,17,16.9167,16.1667,False,America/New_York,America/New_York
7367,2007-04-26,IAD,LGA,17.7667,19.0833,17.7167,19.0167,18.95,18.1833,False,America/New_York,America/New_York
7368,2007-04-26,IAD,LGA,19.45,20.7667,21.4333,22.7667,22.7333,21.9333,False,America/New_York,America/New_York
7369,2007-04-26,IAD,LGA,21.7667,23.0833,23.1,24.35,24.2667,23.5667,False,America/New_York,America/New_York
4829,2007-04-26,MSN,LGA,7.93333,10.4333,8.68333,11.0833,11.7667,8.91667,False,America/Chicago,America/New_York
4906,2007-04-26,PIT,LGA,7.01667,8.51667,7.13333,8.26667,8.18333,7.38333,False,America/New_York,America/New_York
1804,2007-04-26,PIT,LGA,7.6,8.95,7.56667,8.65,8.56667,7.7,False,America/New_York,America/New_York
1856,2007-04-26,PIT,LGA,9.43333,10.7667,9.36667,10.5833,10.5,9.61667,False,America/New_York,America/New_York
4872,2007-04-26,PIT,LGA,10.9333,12.2667,11.0833,12.2167,12.1333,11.2667,False,America/New_York,America/New_York
1830,2007-04-26,PIT,LGA,16.0167,17.4,16.0167,17.2,17.0833,16.2167,False,America/New_York,America/New_York
4902,2007-04-26,PIT,LGA,18.1,19.5167,23.9333,23.9333,23.9333,23.9333,True,America/New_York,America/New_York
1096,2007-04-26,PIT,LGA,20.5167,21.8833,20.5833,21.8167,21.7,20.8167,False,America/New_York,America/New_York
5425,2007-04-26,JAX,LGA,7.01667,9.43333,7.51667,10.1333,9.98333,7.91667,False,America/New_York,America/New_York
5418,2007-04-26,JAX,LGA,12.4,14.95,12.85,15.2167,14.85,13.0167,False,America/New_York,America/New_York
4908,2007-04-26,JAX,LGA,13.0167,15.4333,13.1,15.4333,15.35,13.5167,False,America/New_York,America/New_York
5584,2007-04-26,JAX,LGA,16.9333,19.4333,16.9333,19.6,19.3,17.2167,False,America/New_York,America/New_York
5095,2007-04-26,JAX,LGA,19.4333,21.9667,19.4333,21.9333,21.65,19.7833,False,America/New_York,America/New_York
1783,2007-04-26,TPA,LGA,7.21667,9.93333,7.16667,9.7,9.5,7.4,False,America/New_York,America/New_York
1440,2007-04-26,TPA,LGA,9.01667,11.6,8.93333,11.6,11.2833,9.13333,False,America/New_York,America/New_York
1897,2007-04-26,TPA,LGA,11.1,13.8333,11.05,13.5667,13.45,11.2833,False,America/New_York,America/New_York
1892,2007-04-26,TPA,LGA,19.35,22.25,21.6,24.0167,23.9,21.8,False,America/New_York,America/New_York
1282,2007-04-26,TPA,LGA,19.7667,22.4333,19.7333,22.1167,22.05,19.8667,False,America/New_York,America/New_York
1114,2007-04-26,MIA,LGA,7.43333,10.35,7.4,10.3,10.25,7.56667,False,America/New_York,America/New_York
2092,2007-04-26,MIA,LGA,8.18333,11.1,8.13333,10.7667,10.65,8.36667,False,America/New_York,America/New_York
1298,2007-04-26,MIA,LGA,9.68333,12.6,12.9833,15.7167,15.6333,13.3333,False,America/New_York,America/New_York
880,2007-04-26,MIA,LGA,10.9333,13.9333,10.8167,13.9167,13.7833,11.3167,False,America/New_York,America/New_York
320,2007-04-26,MIA,LGA,11.5167,14.4333,11.5167,14.2167,14.1667,11.8,False,America/New_York,America/New_York
1332,2007-04-26,MIA,LGA,13.6,16.5167,13.6,16.4167,16.3333,13.9167,False,America/New_York,America/New_York
1228,2007-04-26,MIA,LGA,16.1,19.1,17.5167,20.2667,20.0833,17.7833,False,America/New_York,America/New_York
1382,2007-04-26,MIA,LGA,17.0167,20.0167,17.9167,20.6333,20.4667,18.1333,False,America/New_York,America/New_York
1812,2007-04-26,MIA,LGA,18.35,21.35,18.3333,21.0167,20.8333,18.5,False,America/New_York,America/New_York
810,2007-04-26,MIA,LGA,18.7667,21.9333,18.6667,21.5667,21.4167,19.0333,False,America/New_York,America/New_York
954,2007-04-26,MIA,LGA,20.6833,23.5167,20.6833,23.6,23.5,21.1667,False,America/New_York,America/New_York
4817,2007-04-26,CVG,LGA,7.43333,9.35,7.35,9.21667,8.93333,7.51667,False,America/New_York,America/New_York
628,2007-04-26,CVG,LGA,7.68333,9.68333,8.1,9.78333,9.7,8.4,False,America/New_York,America/New_York
5031,2007-04-26,CVG,LGA,9.18333,11.3667,9.18333,11.2833,11.2,9.65,False,America/New_York,America/New_York
5634,2007-04-26,CVG,LGA,10.85,12.7833,10.7667,12.8333,12.7667,11.25,False,America/New_York,America/New_York
4801,2007-04-26,CVG,LGA,11.1833,13.1833,11.0833,13.0333,12.8833,11.3167,False,America/New_York,America/New_York
5122,2007-04-26,CVG,LGA,13.4333,15.4167,13.9333,15.8167,15.7,14.1833,False,America/New_York,America/New_York
4915,2007-04-26,CVG,LGA,15.0167,17.1833,15.2667,17,16.9333,15.5167,False,America/New_York,America/New_York
692,2007-04-26,CVG,LGA,15.0667,17.1167,15.05,16.95,16.8167,15.3833,False,America/New_York,America/New_York
4807,2007-04-26,CVG,LGA,16.9333,19.1,17.3333,19.4667,19.3667,17.5833,False,America/New_York,America/New_York
5308,2007-04-26,CVG,LGA,16.9333,18.9333,16.9333,19.2333,19.0167,17.2333,False,America/New_York,America/New_York
1068,2007-04-26,CVG,LGA,19.7667,21.8333,20,21.8,21.6333,20.2,False,America/New_York,America/New_York
5296,2007-04-26,CVG,LGA,20.9333,22.9667,20.9333,22.9167,22.8,21.2167,False,America/New_York,America/New_York
4254,2007-04-26,CAE,LGA,7.45,9.41667,7.68333,9.36667,9.2,7.85,False,America/New_York,America/New_York
4184,2007-04-26,CAE,LGA,18.9333,20.9333,18.7667,20.5667,20.35,19,False,America/New_York,America/New_York
1088,2007-04-26,BNA,LGA,8.43333,10.6833,8.36667,10.4,11.2667,8.5,False,America/Chicago,America/New_York
1452,2007-04-26,BNA,LGA,16.4333,18.6833,16.4,18.4667,19.3,16.5333,False,America/Chicago,America/New_York
1030,2007-04-26,BNA,LGA,20.85,23.1,20.8167,23.15,23.95,21.1167,False,America/Chicago,America/New_York
1368,2007-04-26,MCO,LGA,7.68333,10.1833,7.6,10.1333,10.05,7.78333,False,America/New_York,America/New_York
1888,2007-04-26,MCO,LGA,7.68333,10.35,7.61667,10.2667,10.0833,7.83333,False,America/New_York,America/New_York
891,2007-04-26,MCO,LGA,10.9667,13.6,10.8667,13.5333,13.2833,11.25,False,America/New_York,America/New_York
1432,2007-04-26,MCO,LGA,12.4333,15.1,12.8833,15.2333,15.1,13.1333,False,America/New_York,America/New_York
1846,2007-04-26,MCO,LGA,15.1833,17.8833,15.2833,17.8,17.65,15.5333,False,America/New_York,America/New_York
1736,2007-04-26,MCO,LGA,18.35,20.9667,18.4667,21.1833,20.8,18.7333,False,America/New_York,America/New_York
396,2007-04-26,MCO,LGA,19.1833,21.85,19.2,21.6333,21.4667,19.3333,False,America/New_York,America/New_York
1832,2007-04-26,MCO,LGA,20.6833,23.2667,21.15,23.4167,23.3,21.3167,False,America/New_York,America/New_York
466,2007-04-26,PBI,LGA,7.68333,10.55,7.6,10.4167,10.3333,7.83333,False,America/New_York,America/New_York
362,2007-04-26,PBI,LGA,11.1,13.9667,11.1333,13.6167,13.55,11.3833,False,America/New_York,America/New_York
1898,2007-04-26,PBI,LGA,11.7667,14.8,11.7167,14.3667,14.2,11.9667,False,America/New_York,America/New_York
364,2007-04-26,PBI,LGA,17.6833,20.5167,17.65,20.3333,20.1667,18.0667,False,America/New_York,America/New_York
1822,2007-04-26,PBI,LGA,19.4333,22.2667,19.3667,21.9833,21.85,19.6,False,America/New_York,America/New_York
668,2007-04-26,IND,LGA,8.5,9.66667,8.33333,9.45,10.1333,8.55,False,America/Indiana/Indianapolis,America/New_York
4777,2007-04-26,IND,LGA,11.4167,12.6667,11.4,12.55,13.2167,11.6333,False,America/Indiana/Indianapolis,America/New_York
4775,2007-04-26,IND,LGA,16.3333,17.7667,16.3167,17.6667,18.3,16.6833,False,America/Indiana/Indianapolis,America/New_York
4779,2007-04-26,IND,LGA,19.0833,20.45,19,20.4333,21.0667,19.4,False,America/Indiana/Indianapolis,America/New_York
642,2007-04-26,PHF,LGA,8.1,9.35,8.06667,9.2,9.05,8.18333,False,America/New_York,America/New_York
644,2007-04-26,PHF,LGA,16.8,18.05,16.7333,18.35,18.2,17.2167,False,America/New_York,America/New_York
630,2007-04-26,MEM,LGA,9.76667,12.2833,9.68333,12.3333,13.0333,10.0667,False,America/Chicago,America/New_York
632,2007-04-26,MEM,LGA,15.35,18.0833,15.1833,18.0333,18.65,15.5667,False,America/Chicago,America/New_York
296,2007-04-26,MEM,LGA,19.4333,22.0333,19.3667,22.2667,22.8167,19.8167,False,America/Chicago,America/New_York
4873,2007-04-26,XNA,LGA,9.85,12.9333,9.83333,12.65,13.45,10,False,America/Chicago,America/New_York
4838,2007-04-26,XNA,LGA,18.35,21.4333,19.2833,22.0833,22.9167,19.4333,False,America/Chicago,America/New_York
5181,2007-04-26,MSY,LGA,13.35,16.3833,13.6,16.3667,17.1667,13.8167,False,America/Chicago,America/New_York
1800,2007-04-26,MSY,LGA,14.6,17.6,14.85,17.4833,18.3667,14.9833,False,America/Chicago,America/New_York
633,2007-04-26,LGA,IAH,5.76667,9.43333,5.68333,9.26667,8.25,5.86667,False,America/New_York,America/Chicago
333,2007-04-26,LGA,IAH,6.43333,10.3,6.4,10.35,9.38333,6.85,False,America/New_York,America/Chicago
733,2007-04-26,LGA,IAH,7.43333,11.1833,7.33333,10.8833,9.88333,7.56667,False,America/New_York,America/Chicago
1633,2007-04-26,LGA,IAH,8.93333,12.95,8.9,13.1333,12.0667,9.41667,False,America/New_York,America/Chicago
1033,2007-04-26,LGA,IAH,10.6833,14.55,10.6333,15.1167,14.0667,11.4667,False,America/New_York,America/Chicago
1833,2007-04-26,LGA,IAH,11.6833,15.35,11.5667,15.95,14.8167,12.5,False,America/New_York,America/Chicago
433,2007-04-26,LGA,IAH,13.35,17.1333,13.2333,17.5,16.3833,13.9667,False,America/New_York,America/Chicago
133,2007-04-26,LGA,IAH,14.9333,18.9167,14.7667,19.25,18.05,15.6333,False,America/New_York,America/Chicago
1433,2007-04-26,LGA,IAH,17.0167,21,16.9833,20.9667,19.9167,17.5333,False,America/New_York,America/Chicago
233,2007-04-26,LGA,IAH,18.85,22.45,18.8333,22.7,21.7167,19.4,False,America/New_York,America/Chicago
833,2007-04-26,LGA,IAH,19.9333,23.8,19.75,23.85,22.85,20.35,False,America/New_York,America/Chicago
371,2007-04-26,LGA,FLL,5.93333,8.86667,5.85,8.68333,8.65,6.21667,False,America/New_York,America/New_York
1866,2007-04-26,LGA,FLL,7.43333,10.4167,7.41667,10.4833,10.4,7.85,False,America/New_York,America/New_York
375,2007-04-26,LGA,FLL,9.6,12.7333,9.51667,12.9333,12.8833,10.2833,False,America/New_York,America/New_York
695,2007-04-26,LGA,FLL,9.68333,12.7667,9.53333,13.1333,13.0333,10.3667,False,America/New_York,America/New_York
1835,2007-04-26,LGA,FLL,11.2667,14.55,11.1833,14.6333,14.55,12.0667,False,America/New_York,America/New_York
377,2007-04-26,LGA,FLL,13.35,16.3333,13.3,16.9,16.8333,14.35,False,America/New_York,America/New_York
1485,2007-04-26,LGA,FLL,14.9333,18.1,14.8833,18.2,18.1333,15.5833,False,America/New_York,America/New_York
381,2007-04-26,LGA,FLL,16.1833,19.2667,16.1667,19.35,19.2667,16.7333,False,America/New_York,America/New_York
1885,2007-04-26,LGA,FLL,18.7667,21.9833,18.7167,21.9667,21.9167,19.3167,False,America/New_York,America/New_York
383,2007-04-26,LGA,FLL,21.7667,24.6333,21.7667,24.5333,24.4667,22.05,False,America/New_York,America/New_York
501,2007-04-26,LGA,ATL,5.93333,8.58333,5.85,8.45,8.31667,6.35,False,America/New_York,America/New_York
359,2007-04-26,LGA,ATL,6.1,8.5,5.88333,8.33333,8.2,6.2,False,America/New_York,America/New_York
2377,2007-04-26,LGA,ATL,6.76667,9.18333,6.73333,9.16667,9.01667,7,False,America/New_York,America/New_York
503,2007-04-26,LGA,ATL,6.91667,9.51667,6.81667,9.53333,9.45,7.31667,False,America/New_York,America/New_York
363,2007-04-26,LGA,ATL,6.91667,9.43333,6.73333,9.33333,9.18333,7.06667,False,America/New_York,America/New_York
505,2007-04-26,LGA,ATL,7.91667,10.5167,7.9,10.4833,10.2333,8.21667,False,America/New_York,America/New_York
507,2007-04-26,LGA,ATL,8.93333,11.6333,8.9,11.9167,11.7833,9.75,False,America/New_York,America/New_York
1285,2007-04-26,LGA,ATL,9.68333,12.1,9.6,12.5,12.4167,10.4333,False,America/New_York,America/New_York
509,2007-04-26,LGA,ATL,9.93333,12.5667,9.88333,12.8667,12.7333,10.7833,False,America/New_York,America/New_York
511,2007-04-26,LGA,ATL,10.9333,13.4167,23.9333,23.9333,23.9333,23.9333,True,America/New_York,America/New_York
361,2007-04-26,LGA,ATL,11.0167,13.5333,10.85,13.6167,13.5167,11.5333,False,America/New_York,America/New_York
513,2007-04-26,LGA,ATL,11.9333,14.5333,12.1,15.3333,15.2333,12.8833,False,America/New_York,America/New_York
515,2007-04-26,LGA,ATL,12.9333,15.6167,12.9167,16.0833,15.8333,13.65,False,America/New_York,America/New_York
365,2007-04-26,LGA,ATL,13.4167,15.8333,13.3,16.1333,16.0333,14.0167,False,America/New_York,America/New_York
517,2007-04-26,LGA,ATL,13.9167,16.5833,13.9167,16.8333,16.7167,14.7333,False,America/New_York,America/New_York
519,2007-04-26,LGA,ATL,14.9333,17.5167,15.05,17.8167,17.7,15.7333,False,America/New_York,America/New_York
369,2007-04-26,LGA,ATL,15.0833,17.5833,14.9,17.6333,17.4667,15.5,False,America/New_York,America/New_York
2393,2007-04-26,LGA,ATL,15.9333,18.4333,16.15,18.8333,18.7333,16.7167,False,America/New_York,America/New_York
521,2007-04-26,LGA,ATL,15.9333,18.5,15.9,18.55,18.4167,16.45,False,America/New_York,America/New_York
367,2007-04-26,LGA,ATL,15.9333,18.5167,16.0167,18.7,18.6,16.5667,False,America/New_York,America/New_York
371,2007-04-26,LGA,ATL,16.85,19.4333,16.75,19.4833,19.35,17.3,False,America/New_York,America/New_York
525,2007-04-26,LGA,ATL,17.9167,20.5333,18.7,21.4,21.2167,19.2667,False,America/New_York,America/New_York
357,2007-04-26,LGA,ATL,18.85,21.4333,18.8833,21.4833,21.3167,19.3667,False,America/New_York,America/New_York
527,2007-04-26,LGA,ATL,18.9167,21.4833,19.2833,21.9333,21.7667,19.7667,False,America/New_York,America/New_York
1297,2007-04-26,LGA,ATL,19.4333,22.0167,19.3833,22.0833,21.9667,19.9833,False,America/New_York,America/New_York
529,2007-04-26,LGA,ATL,19.9333,22.3167,20.35,22.7833,22.6333,20.7167,False,America/New_York,America/New_York
373,2007-04-26,LGA,ATL,20.9333,23.35,20.8333,23.2333,23.1,21.1833,False,America/New_York,America/New_York
531,2007-04-26,LGA,ATL,21.1833,23.5333,21.0667,23.3833,23.3167,21.35,False,America/New_York,America/New_York
1906,2007-04-26,LGA,BOS,5.93333,6.96667,5.9,7.03333,6.86667,6.33333,False,America/New_York,America/New_York
2114,2007-04-26,LGA,BOS,5.93333,6.96667,5.95,6.96667,6.8,6.23333,False,America/New_York,America/New_York
1908,2007-04-26,LGA,BOS,6.43333,7.51667,6.4,7.68333,7.35,6.78333,False,America/New_York,America/New_York
4803,2007-04-26,LGA,BOS,6.91667,8.1,6.8,7.71667,7.6,7.05,False,America/New_York,America/New_York
2116,2007-04-26,LGA,BOS,6.93333,8.03333,6.95,7.96667,7.78333,7.25,False,America/New_York,America/New_York
1910,2007-04-26,LGA,BOS,7.43333,8.56667,7.41667,8.55,8.33333,7.8,False,America/New_York,America/New_York
2118,2007-04-26,LGA,BOS,7.93333,9.06667,7.85,8.76667,8.61667,8.08333,False,America/New_York,America/New_York
1912,2007-04-26,LGA,BOS,8.43333,9.66667,8.41667,9.53333,9.25,8.76667,False,America/New_York,America/New_York
4802,2007-04-26,LGA,BOS,8.6,9.85,8.56667,9.66667,9.6,9.06667,False,America/New_York,America/New_York
2120,2007-04-26,LGA,BOS,8.93333,10.2333,8.83333,10.1167,9.93333,9.33333,False,America/New_York,America/New_York
1914,2007-04-26,LGA,BOS,9.43333,10.6167,9.43333,10.9,10.7833,10.25,False,America/New_York,America/New_York
2122,2007-04-26,LGA,BOS,9.93333,11.1833,9.85,11.3167,11.1833,10.6333,False,America/New_York,America/New_York
1916,2007-04-26,LGA,BOS,10.4333,11.6833,10.4167,11.8333,11.7,11.1833,False,America/New_York,America/New_York
4805,2007-04-26,LGA,BOS,10.6,11.7667,10.5333,11.9833,11.9,11.35,False,America/New_York,America/New_York
2124,2007-04-26,LGA,BOS,10.9333,12.0833,10.8833,12.4167,12.3333,11.8,False,America/New_York,America/New_York
1918,2007-04-26,LGA,BOS,11.4333,12.6333,11.5833,13.1167,12.9333,12.35,False,America/New_York,America/New_York
2126,2007-04-26,LGA,BOS,11.9333,13.1,11.8167,13.0667,12.9833,12.4667,False,America/New_York,America/New_York
4827,2007-04-26,LGA,BOS,12.0167,13.1,11.9,13.25,13.15,12.6,False,America/New_York,America/New_York
1920,2007-04-26,LGA,BOS,12.4333,13.5333,12.4,13.7,13.5667,13.0333,False,America/New_York,America/New_York
2128,2007-04-26,LGA,BOS,12.9333,14,12.8167,14.1333,14.05,13.4833,False,America/New_York,America/New_York
1922,2007-04-26,LGA,BOS,13.4333,14.5167,13.4167,14.7833,14.65,14.1,False,America/New_York,America/New_York
2130,2007-04-26,LGA,BOS,13.9333,15.05,13.8833,15.15,15.05,14.55,False,America/New_York,America/New_York
1924,2007-04-26,LGA,BOS,14.4333,15.5333,14.4167,15.6833,15.5,14.9667,False,America/New_York,America/New_York
2132,2007-04-26,LGA,BOS,14.9333,16.0833,14.85,16.2,16.05,15.5167,False,America/New_York,America/New_York
1926,2007-04-26,LGA,BOS,15.4333,16.7167,15.4167,16.7667,16.5,15.9667,False,America/New_York,America/New_York
4809,2007-04-26,LGA,BOS,15.4333,16.6,15.35,16.5,16.4167,15.8333,False,America/New_York,America/New_York
2134,2007-04-26,LGA,BOS,15.9333,17.15,15.8667,17.15,17,16.5,False,America/New_York,America/New_York
4811,2007-04-26,LGA,BOS,16.35,17.6,16.4667,17.5667,17.5167,16.9833,False,America/New_York,America/New_York
1928,2007-04-26,LGA,BOS,16.4333,17.65,16.4333,17.6167,17.4167,16.9167,False,America/New_York,America/New_York
2136,2007-04-26,LGA,BOS,16.9333,18.2667,16.85,17.9667,17.8667,17.3333,False,America/New_York,America/New_York
1930,2007-04-26,LGA,BOS,17.4333,18.7833,17.4167,18.7167,18.4667,17.8667,False,America/New_York,America/New_York
4813,2007-04-26,LGA,BOS,17.4333,18.6833,17.4,18.5167,18.4167,17.85,False,America/New_York,America/New_York
2138,2007-04-26,LGA,BOS,17.9333,19.2,17.9,19.1833,18.9667,18.45,False,America/New_York,America/New_York
1932,2007-04-26,LGA,BOS,18.4167,19.7667,18.4833,19.6833,19.6,18.95,False,America/New_York,America/New_York
2140,2007-04-26,LGA,BOS,18.9333,20.2667,18.8667,20.1333,19.9833,19.3333,False,America/New_York,America/New_York
1934,2007-04-26,LGA,BOS,19.4167,20.65,19.4,20.6833,20.6,19.9333,False,America/New_York,America/New_York
4815,2007-04-26,LGA,BOS,19.6,20.85,19.4333,20.7333,20.6667,20.0833,False,America/New_York,America/New_York
2142,2007-04-26,LGA,BOS,19.9333,21.1667,19.85,20.9667,20.9,20.25,False,America/New_York,America/New_York
1936,2007-04-26,LGA,BOS,20.4333,21.7,20.4,21.5333,21.4167,20.8167,False,America/New_York,America/New_York
2144,2007-04-26,LGA,BOS,20.9333,22.15,20.8333,21.8333,21.7667,21.2167,False,America/New_York,America/New_York
211,2007-04-26,LGA,DTW,5.93333,8.5,5.83333,8.35,7.63333,6.1,False,America/New_York,America/Detroit
533,2007-04-26,LGA,DTW,7.4,9.95,7.33333,10.15,9.31667,7.75,False,America/New_York,America/Detroit
4869,2007-04-26,LGA,DTW,8.41667,11.1167,8.33333,10.7,10.0333,8.61667,False,America/New_York,America/Detroit
215,2007-04-26,LGA,DTW,9.06667,11.7833,8.86667,12.15,11.35,9.8,False,America/New_York,America/Detroit
4854,2007-04-26,LGA,DTW,10.0167,12.6167,9.86667,13.15,12.4,10.9333,False,America/New_York,America/Detroit
539,2007-04-26,LGA,DTW,10.4333,13.0667,10.3667,13.65,12.7833,11.2333,False,America/New_York,America/Detroit
4905,2007-04-26,LGA,DTW,11.6833,14.2,13.2333,16.2333,15.5,14.0667,False,America/New_York,America/Detroit
337,2007-04-26,LGA,DTW,12.55,15.05,12.5167,15.7333,14.8333,13.3333,False,America/New_York,America/Detroit
4880,2007-04-26,LGA,DTW,13.1833,15.7,13.0833,16.1167,15.35,13.8167,False,America/New_York,America/Detroit
531,2007-04-26,LGA,DTW,14.3667,16.9667,14.45,17.4,16.6833,15.25,False,America/New_York,America/Detroit
4847,2007-04-26,LGA,DTW,15.4333,18.1167,15.4333,18.4,17.6167,16.1,False,America/New_York,America/Detroit
331,2007-04-26,LGA,DTW,16.35,18.9333,16.3667,19.25,18.5333,17,False,America/New_York,America/Detroit
529,2007-04-26,LGA,DTW,17.9333,20.6,18.1,21.75,20.9833,19.4833,False,America/New_York,America/Detroit
527,2007-04-26,LGA,DTW,19.7167,22.3167,19.7333,22.4667,21.6333,20.1833,False,America/New_York,America/Detroit
4832,2007-04-26,LGA,DTW,20.4333,22.8667,20.3667,22.8833,22.1,20.6333,False,America/New_York,America/Detroit
7370,2007-04-26,LGA,IAD,5.93333,7.25,5.8,6.83333,6.7,5.93333,False,America/New_York,America/New_York
7371,2007-04-26,LGA,IAD,6.93333,8.25,7.15,8.5,8.38333,7.48333,False,America/New_York,America/New_York
529,2007-04-26,LGA,IAD,9.76667,11.2167,9.76667,11.5667,11.5,10.5333,False,America/New_York,America/New_York
7424,2007-04-26,LGA,IAD,12.35,13.8,12.1833,13.9167,13.8333,12.9333,False,America/New_York,America/New_York
7365,2007-04-26,LGA,IAD,14.4333,15.8833,14.4,16.0833,15.9667,15.0333,False,America/New_York,America/New_York
7236,2007-04-26,LGA,IAD,17.1667,18.6167,17.3833,18.9167,18.7833,17.9833,False,America/New_York,America/New_York
847,2007-04-26,LGA,IAD,19.3,20.7833,19.25,20.65,20.55,19.6667,False,America/New_York,America/New_York
7367,2007-04-26,LGA,IAD,20.4333,21.85,20.3333,21.5167,21.4167,20.65,False,America/New_York,America/New_York
667,2007-04-26,LGA,ORD,5.93333,8.2,5.86667,8.28333,7.26667,6.11667,False,America/New_York,America/Chicago
301,2007-04-26,LGA,ORD,6.1,8.35,6.05,8.45,7.41667,6.28333,False,America/New_York,America/Chicago
669,2007-04-26,LGA,ORD,6.93333,9.25,6.86667,9.31667,8.33333,7.35,False,America/New_York,America/Chicago
305,2007-04-26,LGA,ORD,7.35,9.68333,7.91667,10.3,9.3,8.28333,False,America/New_York,America/Chicago
835,2007-04-26,LGA,ORD,7.93333,10.2833,8.53333,10.8333,9.86667,8.91667,False,America/New_York,America/Chicago
309,2007-04-26,LGA,ORD,8.43333,10.85,8.43333,11.95,10.8833,9.83333,False,America/New_York,America/Chicago
673,2007-04-26,LGA,ORD,8.93333,11.4167,8.88333,11.5667,10.5833,9.48333,False,America/New_York,America/Chicago
313,2007-04-26,LGA,ORD,9.35,11.7667,9.35,12.6833,11.6333,10.6667,False,America/New_York,America/Chicago
851,2007-04-26,LGA,ORD,9.93333,12.3833,23.9333,24.85,23.9333,23.9333,True,America/New_York,America/Chicago
317,2007-04-26,LGA,ORD,10.1,12.4333,10,13.0833,12.0833,11.0833,False,America/New_York,America/Chicago
319,2007-04-26,LGA,ORD,10.6,12.9333,11.9667,14.9,13.9,12.8,False,America/New_York,America/Chicago
677,2007-04-26,LGA,ORD,10.9333,13.4167,10.8667,13.6,12.6167,11.6167,False,America/New_York,America/Chicago
321,2007-04-26,LGA,ORD,11.4333,13.7667,12.1167,14.9333,13.95,12.9,False,America/New_York,America/Chicago
325,2007-04-26,LGA,ORD,11.85,14.1833,13.3,16.0833,15.0833,14.05,False,America/New_York,America/Chicago
679,2007-04-26,LGA,ORD,11.9333,14.35,11.8667,14.5833,13.6167,12.5833,False,America/New_York,America/Chicago
329,2007-04-26,LGA,ORD,12.35,14.6833,12.8667,15.95,14.9167,13.9167,False,America/New_York,America/Chicago
681,2007-04-26,LGA,ORD,12.8333,15.2,12.8167,15.55,14.5167,13.5167,False,America/New_York,America/Chicago
307,2007-04-26,LGA,ORD,13.35,15.7667,14.65,17.6333,16.5,15.4,False,America/New_York,America/Chicago
333,2007-04-26,LGA,ORD,13.9333,16.35,14.6667,18.3,17.3,16.2333,False,America/New_York,America/Chicago
683,2007-04-26,LGA,ORD,13.9333,16.2833,13.85,16.8,15.7833,14.6333,False,America/New_York,America/Chicago
685,2007-04-26,LGA,ORD,14.9333,17.5333,16.25,18.8833,17.8833,16.8667,False,America/New_York,America/Chicago
337,2007-04-26,LGA,ORD,15.1,17.5167,23.9333,24.85,23.9333,23.9333,True,America/New_York,America/Chicago
341,2007-04-26,LGA,ORD,15.85,18.35,23.9333,24.85,23.9333,23.9333,True,America/New_York,America/Chicago
687,2007-04-26,LGA,ORD,15.9333,18.5667,17.0833,19.9667,18.95,17.8333,False,America/New_York,America/Chicago
335,2007-04-26,LGA,ORD,16.6833,19.1833,19.4333,22.0833,21.0333,20.0167,False,America/New_York,America/Chicago
689,2007-04-26,LGA,ORD,16.9667,19.5167,17.5833,20.2667,19.25,18.1333,False,America/New_York,America/Chicago
345,2007-04-26,LGA,ORD,17.6833,20.2667,18.8833,22.0667,21.0167,19.9167,False,America/New_York,America/Chicago
691,2007-04-26,LGA,ORD,17.95,20.6167,18.8333,21.95,20.9833,19.8,False,America/New_York,America/Chicago
347,2007-04-26,LGA,ORD,18.1,20.6,23.9333,24.85,23.9333,23.9333,True,America/New_York,America/Chicago
353,2007-04-26,LGA,ORD,18.7667,21.2667,23.9333,24.85,23.9333,23.9333,True,America/New_York,America/Chicago
693,2007-04-26,LGA,ORD,19.0167,21.6,19.8,22.2833,21.3,20.3167,False,America/New_York,America/Chicago
363,2007-04-26,LGA,ORD,19.6,22.1,23.9333,24.85,23.9333,23.9333,True,America/New_York,America/Chicago
695,2007-04-26,LGA,ORD,19.9667,22.6,23.9333,24.85,23.9333,23.9333,True,America/New_York,America/Chicago
357,2007-04-26,LGA,ORD,20.6833,22.9333,23.9333,24.85,23.9333,23.9333,True,America/New_York,America/Chicago
707,2007-04-26,LGA,DEN,5.93333,10.15,5.85,10.1833,8,6.3,False,America/New_York,America/Denver
787,2007-04-26,LGA,DEN,7.93333,12.3833,8.61667,12.85,10.6667,9.13333,False,America/New_York,America/Denver
505,2007-04-26,LGA,DEN,8.43333,13,8.28333,12.6667,10.45,8.63333,False,America/New_York,America/Denver
279,2007-04-26,LGA,DEN,9.35,13.7,9.25,13.9167,11.7333,9.91667,False,America/New_York,America/Denver
1145,2007-04-26,LGA,DEN,10.4167,14.7833,11.85,16.65,14.4167,12.6667,False,America/New_York,America/Denver
511,2007-04-26,LGA,DEN,13.9333,18.2333,13.9,18.45,16.2667,14.6833,False,America/New_York,America/Denver
459,2007-04-26,LGA,DEN,15.5333,20,15.4333,20.8833,18.3,16.4167,False,America/New_York,America/Denver
511,2007-04-26,LGA,DEN,17.4333,21.9167,17.5,21.9833,19.7667,17.9667,False,America/New_York,America/Denver
509,2007-04-26,LGA,DEN,17.4333,21.9167,17.3333,22,19.7833,18.0667,False,America/New_York,America/Denver
513,2007-04-26,LGA,DEN,21.5167,25.9833,22.1833,26.1,23.9167,22.3667,False,America/New_York,America/Denver
2161,2007-04-26,LGA,DCA,5.93333,6.91667,5.83333,6.91667,6.88333,6.08333,False,America/New_York,America/New_York
1941,2007-04-26,LGA,DCA,6.43333,7.51667,6.41667,7.68333,7.65,6.81667,False,America/New_York,America/New_York
2163,2007-04-26,LGA,DCA,6.93333,8.06667,6.85,7.88333,7.8,7.06667,False,America/New_York,America/New_York
4788,2007-04-26,LGA,DCA,7.1,8.26667,6.98333,8.15,8.08333,7.21667,False,America/New_York,America/New_York
1943,2007-04-26,LGA,DCA,7.43333,8.6,7.41667,8.56667,8.5,7.81667,False,America/New_York,America/New_York
2165,2007-04-26,LGA,DCA,7.93333,9.1,7.86667,9.06667,9,8.15,False,America/New_York,America/New_York
1945,2007-04-26,LGA,DCA,8.43333,9.93333,8.4,9.56667,9.5,8.78333,False,America/New_York,America/New_York
2167,2007-04-26,LGA,DCA,8.93333,10.1833,8.86667,10.2333,10.2,9.38333,False,America/New_York,America/New_York
4796,2007-04-26,LGA,DCA,9.35,10.6,9.33333,11.0167,10.9833,10.1167,False,America/New_York,America/New_York
1947,2007-04-26,LGA,DCA,9.43333,10.7167,9.43333,10.8667,10.8167,10.05,False,America/New_York,America/New_York
2169,2007-04-26,LGA,DCA,9.93333,11.1833,9.88333,11.75,11.6833,10.8,False,America/New_York,America/New_York
1949,2007-04-26,LGA,DCA,10.4167,11.9333,10.3833,11.9,11.85,11.1167,False,America/New_York,America/New_York
2171,2007-04-26,LGA,DCA,10.9333,12.1167,10.85,12.4333,12.4,11.5667,False,America/New_York,America/New_York
1951,2007-04-26,LGA,DCA,11.4333,12.6333,11.4333,13.2333,13.1667,12.3,False,America/New_York,America/New_York
2173,2007-04-26,LGA,DCA,11.9333,13.1333,11.85,13.4,13.3,12.5333,False,America/New_York,America/New_York
1953,2007-04-26,LGA,DCA,12.4333,13.5833,23.9333,23.9333,23.9333,23.9333,True,America/New_York,America/New_York
4785,2007-04-26,LGA,DCA,12.9333,14.1,12.85,14.3,14.2667,13.5333,False,America/New_York,America/New_York
2175,2007-04-26,LGA,DCA,12.9333,14.0333,12.8,14.5,14.3667,13.5833,False,America/New_York,America/New_York
1955,2007-04-26,LGA,DCA,13.4333,14.5667,13.4,14.85,14.8,14.0833,False,America/New_York,America/New_York
2177,2007-04-26,LGA,DCA,13.9333,15.0833,13.8833,15.4833,15.3833,14.5667,False,America/New_York,America/New_York
1957,2007-04-26,LGA,DCA,14.4333,15.5333,14.4,15.7667,15.7167,14.9333,False,America/New_York,America/New_York
2179,2007-04-26,LGA,DCA,14.9333,16.1167,14.8667,16.5333,16.3333,15.5333,False,America/New_York,America/New_York
1959,2007-04-26,LGA,DCA,15.4333,16.6833,15.4,16.6833,16.6167,15.85,False,America/New_York,America/New_York
4789,2007-04-26,LGA,DCA,15.9333,17.1833,15.7667,17.2333,17.1667,16.3833,False,America/New_York,America/New_York
2181,2007-04-26,LGA,DCA,15.9333,17.1833,15.85,17.3333,17.2667,16.4667,False,America/New_York,America/New_York
1961,2007-04-26,LGA,DCA,16.4333,17.65,16.4333,17.8667,17.7833,16.9333,False,America/New_York,America/New_York
2183,2007-04-26,LGA,DCA,16.9333,18.1833,16.8667,18.2833,18.1667,17.35,False,America/New_York,America/New_York
4791,2007-04-26,LGA,DCA,17.1833,18.4333,17.65,19.2333,19.1333,18.3333,False,America/New_York,America/New_York
1963,2007-04-26,LGA,DCA,17.4333,18.7333,17.4,18.7,18.6333,17.8,False,America/New_York,America/New_York
2185,2007-04-26,LGA,DCA,17.9333,19.1833,18.2,19.8,19.7,18.8167,False,America/New_York,America/New_York
1965,2007-04-26,LGA,DCA,18.4167,19.6833,18.4,19.8833,19.8167,19,False,America/New_York,America/New_York
4793,2007-04-26,LGA,DCA,18.9333,20.1833,18.8833,20.2833,20.2333,19.3833,False,America/New_York,America/New_York
2187,2007-04-26,LGA,DCA,18.9333,20.3,18.9,20.7,20.5667,19.7,False,America/New_York,America/New_York
1967,2007-04-26,LGA,DCA,19.4167,20.6,19.4,20.7833,20.7,19.85,False,America/New_York,America/New_York
2189,2007-04-26,LGA,DCA,19.9333,21.2,19.8333,21.0167,20.95,20.2333,False,America/New_York,America/New_York
1969,2007-04-26,LGA,DCA,20.4333,21.6,20.4,21.6167,21.5333,20.7333,False,America/New_York,America/New_York
2191,2007-04-26,LGA,DCA,20.9333,22.1833,20.9667,22.1833,22.1,21.3167,False,America/New_York,America/New_York
701,2007-04-26,LGA,DFW,6.1,9.76667,6.06667,9.81667,8.73333,6.25,False,America/New_York,America/Chicago
705,2007-04-26,LGA,DFW,6.51667,10.0167,6.33333,10.2667,9.15,6.76667,False,America/New_York,America/Chicago
707,2007-04-26,LGA,DFW,7.18333,10.9333,7.36667,11.1167,10.0833,7.61667,False,America/New_York,America/Chicago
709,2007-04-26,LGA,DFW,8.51667,12.35,8.43333,12.4333,11.3167,8.86667,False,America/New_York,America/Chicago
721,2007-04-26,LGA,DFW,10.0167,13.7667,9.93333,14.3333,13.3333,10.8333,False,America/New_York,America/Chicago
731,2007-04-26,LGA,DFW,11.4333,15.1833,11.3167,15.6333,14.6333,12.1333,False,America/New_York,America/Chicago
739,2007-04-26,LGA,DFW,12.1,15.7667,11.9333,16.2333,15.2333,12.75,False,America/New_York,America/Chicago
743,2007-04-26,LGA,DFW,12.9333,16.6,13.0167,17.1667,16.2,13.7167,False,America/New_York,America/Chicago
745,2007-04-26,LGA,DFW,13.6,17.1833,13.5167,17.85,16.8333,14.4333,False,America/New_York,America/Chicago
751,2007-04-26,LGA,DFW,14.6833,18.35,14.7167,18.7,17.65,15.3,False,America/New_York,America/Chicago
753,2007-04-26,LGA,DFW,15.4333,19.1833,15.4167,19.4167,18.3833,16,False,America/New_York,America/Chicago
759,2007-04-26,LGA,DFW,16.0167,19.9333,16.05,20.15,19.1333,16.6833,False,America/New_York,America/Chicago
763,2007-04-26,LGA,DFW,16.85,20.6833,16.8167,20.75,19.6833,17.3167,False,America/New_York,America/Chicago
785,2007-04-26,LGA,DFW,17.9333,21.7667,18.2,22.2833,21.2833,18.8333,False,America/New_York,America/Chicago
791,2007-04-26,LGA,DFW,19.9333,23.5167,20.6333,24.3167,23.3,20.9833,False,America/New_York,America/Chicago
1729,2007-04-26,LGA,STL,6.18333,8.68333,6.13333,8.68333,7.73333,6.48333,False,America/New_York,America/Chicago
421,2007-04-26,LGA,STL,7.85,10.5167,7.78333,10.4,9.41667,8.03333,False,America/New_York,America/Chicago
1757,2007-04-26,LGA,STL,13.0167,15.5167,12.9667,15.9833,14.9833,13.75,False,America/New_York,America/Chicago
555,2007-04-26,LGA,STL,14.6833,17.2667,14.5667,17.7667,16.5167,15.15,False,America/New_York,America/Chicago
2019,2007-04-26,LGA,STL,20.35,22.9333,20.8667,23.5667,22.6,21.2833,False,America/New_York,America/Chicago
1092,2007-04-26,LGA,CVG,6.18333,8.25,6.1,8.41667,8.33333,6.58333,False,America/New_York,America/New_York
4800,2007-04-26,LGA,CVG,8.35,10.5167,8.28333,10.7,10.5333,8.75,False,America/New_York,America/New_York
1133,2007-04-26,LGA,CVG,10.4167,12.7,10.45,13.0667,12.9833,11.3167,False,America/New_York,America/New_York
5001,2007-04-26,LGA,CVG,12.1,14.3167,13.1833,16.2,16.15,14.3833,False,America/New_York,America/New_York
4914,2007-04-26,LGA,CVG,12.5167,14.6,12.4167,14.8,14.6833,13.05,False,America/New_York,America/New_York
5635,2007-04-26,LGA,CVG,13.6833,15.7833,13.5167,16.1667,16.15,14.4333,False,America/New_York,America/New_York
4804,2007-04-26,LGA,CVG,14.35,16.4333,14.35,16.8833,16.7667,15.0833,False,America/New_York,America/New_York
5149,2007-04-26,LGA,CVG,16.4167,18.6667,16.4167,19.4667,19.4333,17.1333,False,America/New_York,America/New_York
1022,2007-04-26,LGA,CVG,17.85,20.1,17.7333,20.1833,20.05,18.3667,False,America/New_York,America/New_York
4812,2007-04-26,LGA,CVG,19.7667,21.9333,19.8,22.2833,22.1667,20.4167,False,America/New_York,America/New_York
5166,2007-04-26,LGA,CVG,21.6833,23.7167,21.6833,23.6,23.6,21.9833,False,America/New_York,America/New_York
4834,2007-04-26,LGA,XNA,6.18333,9.43333,6.1,9.48333,8.46667,6.45,False,America/New_York,America/Chicago
4825,2007-04-26,LGA,XNA,14.6833,17.9333,14.7167,18.6167,17.6167,15.35,False,America/New_York,America/Chicago
513,2007-04-26,LGA,MSP,6.18333,9.05,6.08333,8.81667,7.8,6.36667,False,America/New_York,America/Chicago
1231,2007-04-26,LGA,MSP,7.91667,10.9667,7.83333,10.4167,9.41667,8.13333,False,America/New_York,America/Chicago
517,2007-04-26,LGA,MSP,11.4167,14.4167,11.25,14.5333,13.5333,12.1,False,America/New_York,America/Chicago
515,2007-04-26,LGA,MSP,13.1833,16.0333,13.1167,16.2667,15.25,13.8833,False,America/New_York,America/Chicago
363,2007-04-26,LGA,MSP,15.1833,18.1667,15.15,18.1167,17.1,15.7833,False,America/New_York,America/Chicago
355,2007-04-26,LGA,MSP,17.8167,20.8833,17.9667,21.1333,20.15,18.7833,False,America/New_York,America/Chicago
519,2007-04-26,LGA,MSP,19.6833,22.6833,22.4667,24.9833,23.9667,22.7167,False,America/New_York,America/Chicago
1959,2007-04-26,LGA,PIT,6.18333,7.56667,6.15,7.68333,7.6,6.4,False,America/New_York,America/New_York
4871,2007-04-26,LGA,PIT,8.85,10.4333,8.75,10.7167,10.6,9.56667,False,America/New_York,America/New_York
903,2007-04-26,LGA,PIT,9.23333,10.9,9.48333,11.4667,11.3667,10.3167,False,America/New_York,America/New_York
1475,2007-04-26,LGA,PIT,10.7667,12.2667,10.7167,12.6833,12.6,11.6,False,America/New_York,America/New_York
1445,2007-04-26,LGA,PIT,15.5167,17.0667,15.4667,17.15,17.0667,16.0833,False,America/New_York,America/New_York
4903,2007-04-26,LGA,PIT,16.1,17.6833,16.2667,18,17.95,16.6833,False,America/New_York,America/New_York
1158,2007-04-26,LGA,PIT,18.1,19.7167,18,19.8,19.7167,18.6333,False,America/New_York,America/New_York
4909,2007-04-26,LGA,PIT,19.9333,21.4333,19.9,21.6833,21.6,20.4833,False,America/New_York,America/New_York
4724,2007-04-26,LGA,RDU,6.41667,7.93333,6.26667,7.68333,7.65,6.55,False,America/New_York,America/New_York
5542,2007-04-26,LGA,RDU,6.85,8.45,8.68333,10.55,10.4833,9.36667,False,America/New_York,America/New_York
4726,2007-04-26,LGA,RDU,8.18333,9.85,7.98333,9.58333,9.5,8.36667,False,America/New_York,America/New_York
4739,2007-04-26,LGA,RDU,9.26667,11.0167,9.3,11.3167,11.2333,10.1,False,America/New_York,America/New_York
5179,2007-04-26,LGA,RDU,10.1833,11.9833,10.8,12.7167,12.55,11.5167,False,America/New_York,America/New_York
4729,2007-04-26,LGA,RDU,11.1,12.7667,11.0167,13.0667,13,11.8833,False,America/New_York,America/New_York
4713,2007-04-26,LGA,RDU,12.6,14.1833,12.5167,14.6,14.55,13.35,False,America/New_York,America/New_York
5005,2007-04-26,LGA,RDU,13.3167,15.1667,14.0167,16.15,16.0667,14.7833,False,America/New_York,America/New_York
4716,2007-04-26,LGA,RDU,14.4167,16.1,14.35,16.3167,16.1667,15.0167,False,America/New_York,America/New_York
1051,2007-04-26,LGA,RDU,16.35,18.0167,17.3833,19.2167,19.1333,17.9,False,America/New_York,America/New_York
5229,2007-04-26,LGA,RDU,17.4333,19.15,17.35,18.9,18.8333,17.65,False,America/New_York,America/New_York
4736,2007-04-26,LGA,RDU,17.5167,19.2667,17.4,19.3,19.1667,17.95,False,America/New_York,America/New_York
5341,2007-04-26,LGA,RDU,19.6833,21.4667,19.6833,21.7167,21.6,20.45,False,America/New_York,America/New_York
4711,2007-04-26,LGA,RDU,20.35,21.9333,20.2,21.7833,21.7333,20.5833,False,America/New_York,America/New_York
818,2007-04-26,LGA,MEM,6.41667,9.3,6.3,9.45,8.46667,6.71667,False,America/New_York,America/Chicago
633,2007-04-26,LGA,MEM,11.15,14.05,11.1833,14.35,13.3,11.9,False,America/New_York,America/Chicago
525,2007-04-26,LGA,MEM,16.4333,19.3167,16.35,19.65,18.4667,16.9667,False,America/New_York,America/Chicago
451,2007-04-26,LGA,CLE,6.43333,8,6.38333,8.13333,8.01667,6.65,False,America/New_York,America/New_York
4890,2007-04-26,LGA,CLE,7.76667,9.43333,7.86667,9.45,9.4,8.2,False,America/New_York,America/New_York
3146,2007-04-26,LGA,CLE,8.68333,10.4333,9.03333,10.9333,10.8333,9.71667,False,America/New_York,America/New_York
1451,2007-04-26,LGA,CLE,9.91667,11.6,9.75,13.4833,13.35,12.05,False,America/New_York,America/New_York
2711,2007-04-26,LGA,CLE,12.9333,14.6333,13.55,15.9167,15.7833,14.5,False,America/New_York,America/New_York
4887,2007-04-26,LGA,CLE,14.1,15.7667,14.0167,16.2667,16.2,14.85,False,America/New_York,America/New_York
1057,2007-04-26,LGA,CLE,16.0167,17.8167,15.9333,17.9,17.7667,16.6,False,America/New_York,America/New_York
4875,2007-04-26,LGA,CLE,16.6,18.4333,18.4167,20.4,20.35,19.05,False,America/New_York,America/New_York
1651,2007-04-26,LGA,CLE,17.9333,19.7333,17.9333,20.35,20.2333,18.4667,False,America/New_York,America/New_York
2315,2007-04-26,LGA,CLE,19.4333,21.1333,19.25,21.1333,20.9167,19.7333,False,America/New_York,America/New_York
4891,2007-04-26,LGA,CLE,20.1833,21.85,23.9333,23.9333,23.9333,23.9333,True,America/New_York,America/New_York
1643,2007-04-26,LGA,CLT,6.6,8.4,7.35,9.13333,9.06667,7.65,False,America/New_York,America/New_York
4893,2007-04-26,LGA,CLT,6.76667,8.68333,6.63333,8.76667,8.68333,7.1,False,America/New_York,America/New_York
5099,2007-04-26,LGA,CLT,7.1,9.05,7.01667,9.15,9.08333,7.41667,False,America/New_York,America/New_York
881,2007-04-26,LGA,CLT,7.93333,9.83333,7.9,10.0167,9.88333,8.41667,False,America/New_York,America/New_York
5352,2007-04-26,LGA,CLT,9.55,11.7667,9.86667,12.3833,12.3,10.7667,False,America/New_York,America/New_York
889,2007-04-26,LGA,CLT,9.68333,11.7,9.63333,12,11.9,10.4,False,America/New_York,America/New_York
4899,2007-04-26,LGA,CLT,11.1,13.1,11,13.35,13.3,11.7833,False,America/New_York,America/New_York
1233,2007-04-26,LGA,CLT,11.5167,13.45,11.4667,13.95,13.7167,12.2333,False,America/New_York,America/New_York
1025,2007-04-26,LGA,CLT,12.85,14.6833,12.7333,14.9833,14.9167,13.4667,False,America/New_York,America/New_York
4895,2007-04-26,LGA,CLT,13.4333,15.35,13.45,15.8333,15.75,14.2333,False,America/New_York,America/New_York
1403,2007-04-26,LGA,CLT,14.4167,16.3,14.4333,16.6333,16.5,15.05,False,America/New_York,America/New_York
5251,2007-04-26,LGA,CLT,14.7667,16.8333,14.75,16.9667,16.9167,15.4,False,America/New_York,America/New_York
4901,2007-04-26,LGA,CLT,16.1,18.1833,16.0167,18.1833,18.0333,16.5167,False,America/New_York,America/New_York
1627,2007-04-26,LGA,CLT,16.6333,18.6667,16.65,18.6667,18.6167,17.1333,False,America/New_York,America/New_York
5594,2007-04-26,LGA,CLT,18.15,20.3,18.4333,20.95,20.7667,19.1667,False,America/New_York,America/New_York
1935,2007-04-26,LGA,CLT,18.4167,20.4833,18.5667,20.85,20.7833,19.2167,False,America/New_York,America/New_York
4897,2007-04-26,LGA,CLT,19.4167,21.4333,19.3,21.5,21.3667,19.8667,False,America/New_York,America/New_York
4774,2007-04-26,LGA,IND,6.91667,10.2167,6.83333,10.1667,9.16667,7.41667,False,America/New_York,America/Indiana/Indianapolis
4776,2007-04-26,LGA,IND,10.6,13.9,10.5167,14.1833,13.1,11.3667,False,America/New_York,America/Indiana/Indianapolis
4778,2007-04-26,LGA,IND,13.9167,17.1667,13.8333,17.5333,16.5833,14.8167,False,America/New_York,America/Indiana/Indianapolis
669,2007-04-26,LGA,IND,18.7667,22.1333,18.5833,22.2833,21.15,19.25,False,America/New_York,America/Indiana/Indianapolis
633,2007-04-26,LGA,MIA,6.93333,10.0833,6.83333,10.0167,9.9,7.26667,False,America/New_York,America/New_York
979,2007-04-26,LGA,MIA,8.51667,11.6,8.4,11.3167,11.25,8.68333,False,America/New_York,America/New_York
953,2007-04-26,LGA,MIA,9.35,12.5167,9.3,12.5167,12.4833,9.88333,False,America/New_York,America/New_York
599,2007-04-26,LGA,MIA,11.1,14.1,11,14.6833,14.5333,11.9833,False,America/New_York,America/New_York
2093,2007-04-26,LGA,MIA,12.0167,15.0167,12,15.3333,15.2667,12.7167,False,America/New_York,America/New_York
1819,2007-04-26,LGA,MIA,13.5167,16.5167,16.6833,19.8167,19.7667,17.1833,False,America/New_York,America/New_York
881,2007-04-26,LGA,MIA,14.6833,17.9167,14.6,18,17.8667,15.2333,False,America/New_York,America/New_York
1525,2007-04-26,LGA,MIA,15.35,18.6,15.45,18.4833,18.4167,15.95,False,America/New_York,America/New_York
1559,2007-04-26,LGA,MIA,17.2667,20.35,17.3167,20.4833,20.4167,17.7833,False,America/New_York,America/New_York
1831,2007-04-26,LGA,MIA,19.85,22.7667,20.6333,23.8167,23.7,21.1167,False,America/New_York,America/New_York
933,2007-04-26,LGA,MCO,7.26667,10.05,7.21667,10,9.88333,7.6,False,America/New_York,America/New_York
1229,2007-04-26,LGA,MCO,9.01667,11.7667,8.86667,11.7167,11.6333,9.28333,False,America/New_York,America/New_York
1617,2007-04-26,LGA,MCO,11.1,13.7667,11.05,14.1667,14.1,11.95,False,America/New_York,America/New_York
1887,2007-04-26,LGA,MCO,11.4333,14.3333,11.35,14.5833,14.5,12.1833,False,America/New_York,America/New_York
1597,2007-04-26,LGA,MCO,14.4333,17.2167,14.3833,17.6167,17.5,15.15,False,America/New_York,America/New_York
395,2007-04-26,LGA,MCO,14.85,17.6833,14.7,17.8167,17.7167,15.4333,False,America/New_York,America/New_York
1329,2007-04-26,LGA,MCO,17.1833,20.0167,17.4667,20.4667,20.3667,18.1,False,America/New_York,America/New_York
1847,2007-04-26,LGA,MCO,20.4333,23.2167,20.4333,23.1667,23.05,20.85,False,America/New_York,America/New_York
363,2007-04-26,LGA,PBI,7.43333,10.4167,7.36667,10.1167,10.05,7.66667,False,America/New_York,America/New_York
1773,2007-04-26,LGA,PBI,8.43333,11.6333,8.4,11.7333,11.65,8.95,False,America/New_York,America/New_York
1833,2007-04-26,LGA,PBI,15.6,18.6833,15.4667,18.6833,18.6,16.15,False,America/New_York,America/New_York
465,2007-04-26,LGA,PBI,19.7667,22.7667,19.5833,22.75,22.6667,20.15,False,America/New_York,America/New_York
369,2007-04-26,LGA,PBI,21.1833,24.0167,21.15,24.05,23.9833,21.6167,False,America/New_York,America/New_York
1903,2007-04-26,LGA,TPA,7.6,10.4833,7.46667,10.55,10.4833,7.96667,False,America/New_York,America/New_York
1005,2007-04-26,LGA,TPA,8.68333,11.6,8.98333,12.1667,12.1,9.61667,False,America/New_York,America/New_York
1853,2007-04-26,LGA,TPA,15.2667,18.3167,15.15,18.3667,18.2667,15.7667,False,America/New_York,America/New_York
543,2007-04-26,LGA,TPA,18.4333,21.2667,19.6667,22.6833,22.6333,20.1167,False,America/New_York,America/New_York
1850,2007-04-26,LGA,TPA,19.2667,22.25,20.95,23.9,23.7667,21.3333,False,America/New_York,America/New_York
1977,2007-04-26,LGA,BNA,7.91667,10.3333,7.83333,10.1167,9.11667,8.05,False,America/New_York,America/Chicago
2275,2007-04-26,LGA,BNA,12.35,14.6,12.3667,15.1167,14.1,13.1167,False,America/New_York,America/Chicago
1551,2007-04-26,LGA,BNA,19.1833,21.5167,19.3,21.7667,20.7333,19.75,False,America/New_York,America/Chicago
4849,2007-04-26,LGA,CMH,7.91667,9.76667,7.8,9.71667,9.66667,8.25,False,America/New_York,America/New_York
5131,2007-04-26,LGA,CMH,8.13333,10.0667,8.6,10.8,10.6833,9.26667,False,America/New_York,America/New_York
5462,2007-04-26,LGA,CMH,10.6833,12.65,10.5167,12.9333,12.85,11.4833,False,America/New_York,America/New_York
4919,2007-04-26,LGA,CMH,14.6833,16.5167,14.6,16.85,16.6667,15.2833,False,America/New_York,America/New_York
4874,2007-04-26,LGA,CMH,16.85,18.6833,16.9333,18.8667,18.7167,17.3667,False,America/New_York,America/New_York
5132,2007-04-26,LGA,CMH,17.7667,19.7333,17.7667,19.85,19.75,18.4333,False,America/New_York,America/New_York
4855,2007-04-26,LGA,CMH,18.1833,20.1,18.0667,20.2333,20.1167,18.7667,False,America/New_York,America/New_York
4879,2007-04-26,LGA,CMH,21.1833,22.9333,21.5,23.4333,23.3667,21.8333,False,America/New_York,America/New_York
5196,2007-04-26,LGA,GSO,8.26667,10.1167,8.26667,10.1,10.0167,8.75,False,America/New_York,America/New_York
5546,2007-04-26,LGA,GSO,14.9333,16.75,14.9333,17.2667,17.1333,15.7167,False,America/New_York,America/New_York
5570,2007-04-26,LGA,GSO,19.9167,21.7667,20.2667,22.0833,21.9667,20.6167,False,America/New_York,America/New_York
5139,2007-04-26,LGA,RIC,8.46667,10.0333,8.46667,10.15,10.0167,8.98333,False,America/New_York,America/New_York
5263,2007-04-26,LGA,RIC,15.1,16.6,15.4333,17.1667,17.0833,16.0333,False,America/New_York,America/New_York
5268,2007-04-26,LGA,RIC,19.2667,20.8833,19.2667,21.15,21.0167,19.8333,False,America/New_York,America/New_York
5385,2007-04-26,LGA,CHS,8.68333,11.1,8.68333,11.15,11.0833,9.46667,False,America/New_York,America/New_York
5193,2007-04-26,LGA,CHS,15.2667,17.55,15.6833,17.8167,17.7333,16.2,False,America/New_York,America/New_York
5394,2007-04-26,LGA,CHS,20.4333,22.65,20.35,22.5167,22.4333,20.7667,False,America/New_York,America/New_York
5424,2007-04-26,LGA,GSP,8.76667,11.0833,8.76667,11.15,11.1,9.53333,False,America/New_York,America/New_York
5417,2007-04-26,LGA,GSP,18.85,21.05,18.7667,21.05,20.9667,19.3167,False,America/New_York,America/New_York
649,2007-04-26,LGA,PHF,8.91667,10.25,8.8,10.2,10.1333,9.18333,False,America/New_York,America/New_York
915,2007-04-26,LGA,PHF,17.8167,19.25,17.8667,19.4333,19.35,18.3833,False,America/New_York,America/New_York
5033,2007-04-26,LGA,SAV,8.91667,11.4333,8.91667,11.9,11.8,9.86667,False,America/New_York,America/New_York
5606,2007-04-26,LGA,SAV,11.95,14.25,11.95,14.75,14.6833,12.7833,False,America/New_York,America/New_York
5488,2007-04-26,LGA,SAV,20.9333,23.1,20.9333,23.35,23.2667,21.4,False,America/New_York,America/New_York
5430,2007-04-26,LGA,JAX,9.18333,11.9,9.18333,12.1833,12.0167,10.05,False,America/New_York,America/New_York
4907,2007-04-26,LGA,JAX,9.91667,12.6,9.8,12.8,12.6833,10.6167,False,America/New_York,America/New_York
5436,2007-04-26,LGA,JAX,12.9333,15.4167,12.9333,15.9333,15.85,13.7167,False,America/New_York,America/New_York
5094,2007-04-26,LGA,JAX,16.1,18.8333,16.1,18.8833,18.8167,16.65,False,America/New_York,America/New_York
5678,2007-04-26,LGA,JAX,20.9333,23.4833,20.9333,23.7667,23.6,21.45,False,America/New_York,America/New_York
5121,2007-04-26,LGA,BHM,9.43333,12.2,9.6,12.7667,11.8,10.5,False,America/New_York,America/Chicago
5161,2007-04-26,LGA,BHM,13.9167,16.5167,14.9333,17.6,16.6,15.6833,False,America/New_York,America/Chicago
5291,2007-04-26,LGA,BHM,21.7667,24.3,21.7667,24.35,23.35,22,False,America/New_York,America/Chicago
5181,2007-04-26,LGA,MSY,9.43333,12.7667,9.43333,13.1667,12.15,10.3667,False,America/New_York,America/Chicago
1293,2007-04-26,LGA,MSY,10.7667,13.85,10.6333,14.2833,13.3,11.4333,False,America/New_York,America/Chicago
5599,2007-04-26,LGA,PWM,9.76667,11.2167,10.0167,11.65,11.55,10.8833,False,America/New_York,America/New_York
5418,2007-04-26,LGA,PWM,15.9333,17.2667,15.8333,17.2667,17.1,16.4167,False,America/New_York,America/New_York
4982,2007-04-26,LGA,PWM,20.1833,21.6,20.1,21.5,21.3833,20.55,False,America/New_York,America/New_York
202,2007-04-26,LGA,CAK,9.93333,11.5833,9.81667,11.7333,11.65,10.6,False,America/New_York,America/New_York
212,2007-04-26,LGA,CAK,20.5,21.8333,21.7833,23.0833,23.05,21.9333,False,America/New_York,America/New_York
4765,2007-04-26,LGA,CAE,10.1667,12.35,10.1667,12.55,12.4667,10.9,False,America/New_York,America/New_York
4775,2007-04-26,LGA,CAE,21.4333,23.45,21.4333,23.3833,23.2833,21.7,False,America/New_York,America/New_York
5243,2007-04-26,LGA,TYS,14.6,16.7333,15.4333,17.9333,17.85,16.1333,False,America/New_York,America/New_York
4948,2007-04-26,LGA,TYS,21.1833,23.2333,21.1833,23.4,23.3167,21.55,False,America/New_York,America/New_York
4924,2007-04-26,LGA,GRR,18.0167,20.7833,17.8167,21.1167,20.4167,18.7,False,America/New_York,America/Detroit
4822,2007-04-26,LGA,DSM,18.2667,21.2667,18.2333,21.7333,20.7833,18.9333,False,America/New_York,America/Chicago
4837,2007-04-26,LGA,MSN,18.6,21.1,18.8333,21.85,20.8,19.7167,False,America/New_York,America/Chicago
4865,2007-04-26,LGA,BGR,20.9333,22.2667,21.3667,22.5333,22.4667,21.6333,False,America/New_York,America/New_York
5357,2007-04-26,LGA,LEX,20.9333,22.9,20.8833,23.1,22.9333,21.2833,False,America/New_York,America/New_York
