flight_number,date,origin_airport,destination_airport,scheduled_departure_time,scheduled_arrival_time,actual_departure_time,actual_arrival_time,wheels_on_time,wheels_off_time,cancelled,origin_time_zone,destination_time_zone
5255,2014-04-02,BGR,LGA,5.28333,7.01667,5.15,6.48333,6.36667,5.31667,False,America/New_York,America/New_York
4905,2014-04-02,BGR,LGA,12.0333,13.7667,11.7833,13.1167,12.9667,11.9167,False,America/New_York,America/New_York
398,2014-04-02,ORD,LGA,6.76667,8.85,6.65,8.5,9.31667,6.85,False,America/Chicago,America/New_York
1620,2014-04-02,ORD,LGA,6.85,9.13333,6.93333,8.86667,9.7,7.18333,False,America/Chicago,America/New_York
394,2014-04-02,ORD,LGA,7.35,9.43333,7.26667,9.13333,9.96667,7.46667,False,America/Chicago,America/New_York
390,2014-04-02,ORD,LGA,7.85,10.1,8.28333,10.25,11.0667,8.53333,False,America/Chicago,America/New_York
392,2014-04-02,ORD,LGA,8.35,10.4333,8.26667,10.1667,11.0333,8.51667,False,America/Chicago,America/New_York
672,2014-04-02,ORD,LGA,8.85,11.2167,8.8,10.8167,11.6833,9.15,False,America/Chicago,America/New_York
347,2014-04-02,ORD,LGA,9.35,11.5167,9.21667,11.25,12.1,9.56667,False,America/Chicago,America/New_York
384,2014-04-02,ORD,LGA,10.35,12.4333,10.3333,12.2333,13.05,10.5333,False,America/Chicago,America/New_York
378,2014-04-02,ORD,LGA,11.6833,13.85,11.5833,13.4667,14.3167,11.8,False,America/Chicago,America/New_York
366,2014-04-02,ORD,LGA,12.7667,14.9333,12.6167,14.5333,15.3667,12.8167,False,America/Chicago,America/New_York
349,2014-04-02,ORD,LGA,13.85,16.1,13.8,15.6667,16.5167,14,False,America/Chicago,America/New_York
682,2014-04-02,ORD,LGA,13.9333,16.2,13.95,16,16.8167,14.2833,False,America/Chicago,America/New_York
358,2014-04-02,ORD,LGA,14.85,17.0167,14.8167,16.85,17.6667,15.15,False,America/Chicago,America/New_York
272,2014-04-02,ORD,LGA,14.85,17.1167,14.8,16.6667,17.5,15.05,False,America/Chicago,America/New_York
360,2014-04-02,ORD,LGA,15.7667,17.9333,15.8,17.6167,18.45,15.9667,False,America/Chicago,America/New_York
364,2014-04-02,ORD,LGA,16.4333,18.6833,16.3167,18.2333,19.0667,16.55,False,America/Chicago,America/New_York
1471,2014-04-02,ORD,LGA,16.85,19.2333,16.7667,18.8833,19.7167,17.2,False,America/Chicago,America/New_York
368,2014-04-02,ORD,LGA,17.1833,19.6,17.1667,19.0667,19.9333,17.4,False,America/Chicago,America/New_York
690,2014-04-02,ORD,LGA,17.9,20.3,18.25,20.2,21.05,18.5833,False,America/Chicago,America/New_York
352,2014-04-02,ORD,LGA,18.4333,20.7667,18.3833,20.3833,21.2167,18.6333,False,America/Chicago,America/New_York
1436,2014-04-02,ORD,LGA,18.8833,21.2667,19.8,21.7667,22.5667,20.05,False,America/Chicago,America/New_York
350,2014-04-02,ORD,LGA,19.2667,21.5167,19.2167,21.1333,21.95,19.4,False,America/Chicago,America/New_York
348,2014-04-02,ORD,LGA,19.85,22.0167,19.8167,21.8167,22.6667,20.1167,False,America/Chicago,America/New_York
336,2014-04-02,ORD,LGA,20.85,23.0167,20.7333,22.6833,23.4667,20.95,False,America/Chicago,America/New_York
1569,2014-04-02,ORD,LGA,21.1833,23.4333,21.3833,23.3833,24.2,21.6667,False,America/Chicago,America/New_York
326,2014-04-02,ORD,LGA,21.6,23.7667,21.5167,23.55,24.4,21.9,False,America/Chicago,America/New_York
272,2014-04-02,FLL,LGA,5.93333,8.78333,5.8,9,8.86667,6.31667,False,America/New_York,America/New_York
1498,2014-04-02,FLL,LGA,6.93333,9.93333,6.73333,9.65,9.51667,7.05,False,America/New_York,America/New_York
972,2014-04-02,FLL,LGA,7.08333,9.98333,7.06667,10.0167,9.9,7.35,False,America/New_York,America/New_York
2576,2014-04-02,FLL,LGA,8.93333,11.9167,8.83333,11.6167,11.4833,9.03333,False,America/New_York,America/New_York
1572,2014-04-02,FLL,LGA,9.6,12.5,9.51667,12.3667,12.3,9.8,False,America/New_York,America/New_York
1698,2014-04-02,FLL,LGA,10.9333,14,10.7833,13.5667,13.5,11.0833,False,America/New_York,America/New_York
1272,2014-04-02,FLL,LGA,12.75,15.7,12.7167,15.4667,15.3167,12.9667,False,America/New_York,America/New_York
1518,2014-04-02,FLL,LGA,12.9333,16,12.7833,15.55,15.45,13.0333,False,America/New_York,America/New_York
2425,2014-04-02,FLL,LGA,16.1,19.0833,15.9667,19.0167,18.8667,16.4,False,America/New_York,America/New_York
672,2014-04-02,FLL,LGA,18.4167,21.4333,18.5,21.2,21.0167,18.7,False,America/New_York,America/New_York
1514,2014-04-02,FLL,LGA,18.85,21.8,18.8,21.9833,21.6333,19.0833,False,America/New_York,America/New_York
1472,2014-04-02,FLL,LGA,20.7833,23.6667,20.7167,23.4,23.3167,20.8833,False,America/New_York,America/New_York
198,2014-04-02,MCO,LGA,5.93333,8.41667,5.71667,8.85,8.71667,6.53333,False,America/New_York,America/New_York
2276,2014-04-02,MCO,LGA,6.93333,9.45,6.83333,9.3,9.2,7.03333,False,America/New_York,America/New_York
1526,2014-04-02,MCO,LGA,7.93333,10.55,7.85,10.4,10.2667,8.03333,False,America/New_York,America/New_York
2426,2014-04-02,MCO,LGA,10.5167,13.2,10.3667,12.8667,12.7833,10.6,False,America/New_York,America/New_York
298,2014-04-02,MCO,LGA,10.6,13.2167,10.55,13.2833,13,10.8167,False,America/New_York,America/New_York
1424,2014-04-02,MCO,LGA,11.9333,14.6833,11.8,14.45,14.3167,12.1333,False,America/New_York,America/New_York
398,2014-04-02,MCO,LGA,14.1833,16.8333,14.25,16.9833,16.85,14.55,False,America/New_York,America/New_York
2166,2014-04-02,MCO,LGA,15.4333,18.0833,15.3167,17.9833,17.8167,15.6667,False,America/New_York,America/New_York
993,2014-04-02,MCO,LGA,18.5167,21.2667,18.45,20.9167,20.7667,18.65,False,America/New_York,America/New_York
698,2014-04-02,MCO,LGA,19.1833,21.8833,19.1167,21.7,21.5167,19.35,False,America/New_York,America/New_York
1976,2014-04-02,MCO,LGA,19.8667,22.4833,19.7,22.1667,22.0667,19.9,False,America/New_York,America/New_York
2564,2014-04-02,PWM,LGA,5.93333,7.26667,5.91667,7.18333,7.05,6.13333,False,America/New_York,America/New_York
1563,2014-04-02,ATL,LGA,5.93333,8.01667,5.93333,8.25,7.98333,6.21667,False,America/New_York,America/New_York
1486,2014-04-02,ATL,LGA,6.68333,8.83333,6.85,8.93333,8.8,7.03333,False,America/New_York,America/New_York
290,2014-04-02,ATL,LGA,6.93333,9.18333,6.93333,9.23333,8.81667,7.08333,False,America/New_York,America/New_York
1586,2014-04-02,ATL,LGA,7.68333,9.93333,7.65,9.71667,9.6,7.85,False,America/New_York,America/New_York
1686,2014-04-02,ATL,LGA,8.68333,10.9333,8.61667,10.9333,10.6667,8.86667,False,America/New_York,America/New_York
1111,2014-04-02,ATL,LGA,8.68333,10.9333,8.61667,10.6,10.5167,8.75,False,America/New_York,America/New_York
1786,2014-04-02,ATL,LGA,9.68333,12,9.63333,11.8333,11.7167,9.96667,False,America/New_York,America/New_York
1886,2014-04-02,ATL,LGA,10.6833,12.8833,10.65,12.7333,12.6,10.8833,False,America/New_York,America/New_York
456,2014-04-02,ATL,LGA,11.2667,13.5167,11.2833,13.4333,13.2833,11.5167,False,America/New_York,America/New_York
1986,2014-04-02,ATL,LGA,11.6833,13.9167,11.6667,13.6833,13.5833,11.8833,False,America/New_York,America/New_York
2086,2014-04-02,ATL,LGA,12.6833,14.9167,12.6167,14.9667,14.6833,12.9167,False,America/New_York,America/New_York
1348,2014-04-02,ATL,LGA,13.6833,15.9833,13.6667,15.9,15.7833,14.05,False,America/New_York,America/New_York
408,2014-04-02,ATL,LGA,14.6667,16.8333,14.8,17.55,16.8167,14.9333,False,America/New_York,America/New_York
802,2014-04-02,ATL,LGA,14.6833,16.8833,14.6333,16.8,16.65,14.9167,False,America/New_York,America/New_York
1379,2014-04-02,ATL,LGA,15.6833,18.0333,15.65,17.9167,17.7833,15.9667,False,America/New_York,America/New_York
2386,2014-04-02,ATL,LGA,16.6833,18.9833,16.6667,18.8667,18.7667,16.9833,False,America/New_York,America/New_York
52,2014-04-02,ATL,LGA,17.5167,19.7667,17.5667,19.5667,19.4667,17.7333,False,America/New_York,America/New_York
957,2014-04-02,ATL,LGA,17.6833,20.0833,17.6,19.8167,19.7167,17.95,False,America/New_York,America/New_York
906,2014-04-02,ATL,LGA,19.5167,21.9,19.4833,21.7667,21.5833,19.7833,False,America/New_York,America/New_York
986,2014-04-02,ATL,LGA,20.6833,23,20.7333,22.8667,22.7167,21.05,False,America/New_York,America/New_York
307,2014-04-02,ATL,LGA,20.9333,23.35,20.8333,23.05,22.9333,21.1333,False,America/New_York,America/New_York
1286,2014-04-02,ATL,LGA,21.6833,23.9167,21.7,23.75,23.6333,21.9667,False,America/New_York,America/New_York
3594,2014-04-02,GSO,LGA,5.93333,7.51667,5.8,7.21667,7.15,5.98333,False,America/New_York,America/New_York
3565,2014-04-02,GSO,LGA,9.93333,11.6,9.73333,11.2167,11.1333,9.93333,False,America/New_York,America/New_York
3199,2014-04-02,GSO,LGA,17.0167,18.6833,16.8333,18.5167,18.2,17.0667,False,America/New_York,America/New_York
4962,2014-04-02,GSO,LGA,17.35,19.1167,17.2167,18.7333,18.55,17.4333,False,America/New_York,America/New_York
2133,2014-04-02,BOS,LGA,5.93333,7.28333,5.8,6.93333,6.8,6.05,False,America/New_York,America/New_York
2135,2014-04-02,BOS,LGA,6.68333,8.03333,6.55,7.86667,7.78333,7.05,False,America/New_York,America/New_York
2137,2014-04-02,BOS,LGA,6.93333,8.26667,6.83333,8.18333,8.1,7.21667,False,America/New_York,America/New_York
2139,2014-04-02,BOS,LGA,7.93333,9.28333,7.83333,9.01667,8.75,8.08333,False,America/New_York,America/New_York
2141,2014-04-02,BOS,LGA,8.93333,10.2667,8.83333,9.86667,9.75,9.03333,False,America/New_York,America/New_York
2143,2014-04-02,BOS,LGA,9.93333,11.2833,9.81667,10.85,10.7833,10.05,False,America/New_York,America/New_York
2145,2014-04-02,BOS,LGA,10.9333,12.15,11.6667,12.6,12.5167,11.85,False,America/New_York,America/New_York
2147,2014-04-02,BOS,LGA,11.9333,13.1667,11.8,12.85,12.7333,12.0167,False,America/New_York,America/New_York
2149,2014-04-02,BOS,LGA,12.9333,14.35,12.8,13.85,13.75,13.0167,False,America/New_York,America/New_York
2151,2014-04-02,BOS,LGA,13.9333,15.2667,13.8,14.95,14.7167,13.9667,False,America/New_York,America/New_York
2153,2014-04-02,BOS,LGA,14.9333,16.2167,14.8167,16.0167,15.8833,15.15,False,America/New_York,America/New_York
2155,2014-04-02,BOS,LGA,15.9333,17.2667,15.8,16.9167,16.8,16.0833,False,America/New_York,America/New_York
2157,2014-04-02,BOS,LGA,16.9333,18.3167,16.8,17.9167,17.7333,17.0167,False,America/New_York,America/New_York
2159,2014-04-02,BOS,LGA,17.9333,19.4,17.9,19.25,19.15,18.4667,False,America/New_York,America/New_York
2161,2014-04-02,BOS,LGA,18.9333,20.3333,18.8,20,19.7667,18.9833,False,America/New_York,America/New_York
2163,2014-04-02,BOS,LGA,19.9333,21.3167,19.8167,20.9167,20.8,20.1,False,America/New_York,America/New_York
2166,2014-04-02,DCA,LGA,5.93333,7.06667,5.86667,7,6.83333,6.11667,False,America/New_York,America/New_York
2168,2014-04-02,DCA,LGA,6.93333,8.23333,6.78333,7.85,7.76667,7.13333,False,America/New_York,America/New_York
2170,2014-04-02,DCA,LGA,7.93333,9.25,7.81667,9.18333,9,8.25,False,America/New_York,America/New_York
2172,2014-04-02,DCA,LGA,8.93333,10.35,8.81667,10.35,10.25,9.53333,False,America/New_York,America/New_York
2174,2014-04-02,DCA,LGA,9.93333,11.3333,9.86667,11.3,11.1667,10.4333,False,America/New_York,America/New_York
2176,2014-04-02,DCA,LGA,10.9333,12.15,10.85,11.8667,11.75,11.0833,False,America/New_York,America/New_York
2178,2014-04-02,DCA,LGA,11.9333,13.15,11.8333,13.05,12.9167,12.25,False,America/New_York,America/New_York
2180,2014-04-02,DCA,LGA,12.8667,14.0833,12.7833,13.7833,13.7167,13.0167,False,America/New_York,America/New_York
2182,2014-04-02,DCA,LGA,13.9333,15.3167,13.85,14.9833,14.8,14.1167,False,America/New_York,America/New_York
2184,2014-04-02,DCA,LGA,14.9333,16.25,14.8333,16.2,16.1,15.4167,False,America/New_York,America/New_York
2186,2014-04-02,DCA,LGA,15.9333,17.2833,15.9167,17.2333,17.0833,16.3,False,America/New_York,America/New_York
2188,2014-04-02,DCA,LGA,16.9333,18.35,16.85,17.9333,17.8667,17.1833,False,America/New_York,America/New_York
2190,2014-04-02,DCA,LGA,17.9333,19.35,17.85,19.1833,19.0833,18.35,False,America/New_York,America/New_York
2192,2014-04-02,DCA,LGA,18.9333,20.3,18.9667,20.4667,20.3167,19.6167,False,America/New_York,America/New_York
2194,2014-04-02,DCA,LGA,19.9333,21.35,19.8167,20.8,20.6667,20.0167,False,America/New_York,America/New_York
2196,2014-04-02,DCA,LGA,21.9333,23.0333,21.7833,22.7667,22.6667,22.05,False,America/New_York,America/New_York
5008,2014-04-02,ORF,LGA,5.93333,7.43333,5.86667,7.13333,7.01667,6.06667,False,America/New_York,America/New_York
3014,2014-04-02,ORF,LGA,6.43333,7.91667,6.31667,7.66667,7.58333,6.61667,False,America/New_York,America/New_York
3550,2014-04-02,ORF,LGA,11.0167,12.5167,10.9667,12.3167,12.2,11.2333,False,America/New_York,America/New_York
3670,2014-04-02,ORF,LGA,18.1,19.5167,17.9833,19.1667,19.1167,18.1833,False,America/New_York,America/New_York
5129,2014-04-02,ORF,LGA,18.5167,19.9167,23.9333,23.9333,23.9333,23.9333,True,America/New_York,America/New_York
5219,2014-04-02,CHS,LGA,5.93333,7.91667,5.86667,7.6,7.5,6.05,False,America/New_York,America/New_York
5167,2014-04-02,CHS,LGA,12.1167,14.15,12,13.7667,13.6833,12.15,False,America/New_York,America/New_York
5446,2014-04-02,GRR,LGA,6.53333,7.91667,6.45,7.46667,7.96667,6.63333,False,America/Detroit,America/New_York
4889,2014-04-02,GRR,LGA,14.0833,15.4333,14.05,15.2333,15.6167,14.2833,False,America/Detroit,America/New_York
3357,2014-04-02,RIC,LGA,5.93333,7.26667,5.73333,7.05,6.93333,6.05,False,America/New_York,America/New_York
5054,2014-04-02,RIC,LGA,5.95,7.43333,5.78333,6.83333,6.73333,5.95,False,America/New_York,America/New_York
3644,2014-04-02,RIC,LGA,9.93333,11.35,9.78333,10.8667,10.8,9.98333,False,America/New_York,America/New_York
5284,2014-04-02,RIC,LGA,10.1,11.6,9.96667,11.35,11.2,10.3333,False,America/New_York,America/New_York
5590,2014-04-02,RIC,LGA,12.35,13.6833,12.45,13.5833,13.4667,12.65,False,America/New_York,America/New_York
3012,2014-04-02,RIC,LGA,14.9333,16.35,14.75,16.2167,15.9333,15.1167,False,America/New_York,America/New_York
5614,2014-04-02,RIC,LGA,18.6833,20,18.5833,19.6167,19.5167,18.7,False,America/New_York,America/New_York
3008,2014-04-02,RIC,LGA,18.7667,20.2667,18.5333,19.6333,19.5833,18.7667,False,America/New_York,America/New_York
3006,2014-04-02,SDF,LGA,6.8,8.41667,6.63333,7.91667,8.46667,6.85,False,America/Kentucky/Louisville,America/New_York
3599,2014-04-02,SDF,LGA,12.2167,13.7667,12.2667,13.4,14.0833,12.4667,False,America/Kentucky/Louisville,America/New_York
3588,2014-04-02,SDF,LGA,19.1333,20.6833,18.9667,20.1667,20.8667,19.2167,False,America/Kentucky/Louisville,America/New_York
2060,2014-04-02,CLT,LGA,6.1,7.85,5.98333,7.7,7.6,6.3,False,America/New_York,America/New_York
2062,2014-04-02,CLT,LGA,7.85,9.7,7.71667,9.4,9.3,7.98333,False,America/New_York,America/New_York
1910,2014-04-02,CLT,LGA,9.93333,11.8333,9.86667,11.75,11.6167,10.2833,False,America/New_York,America/New_York
4952,2014-04-02,CLT,LGA,11.6,13.4167,11.4833,13.2333,13.1333,11.8667,False,America/New_York,America/New_York
2064,2014-04-02,CLT,LGA,11.6833,13.55,11.6167,13.35,13.25,11.9167,False,America/New_York,America/New_York
2066,2014-04-02,CLT,LGA,13.0167,14.75,12.9667,14.65,14.55,13.2167,False,America/New_York,America/New_York
2068,2014-04-02,CLT,LGA,14.4333,16.1667,14.4167,16.0833,15.9833,14.7,False,America/New_York,America/New_York
2070,2014-04-02,CLT,LGA,16.1,17.8833,16,17.6167,17.5,16.1667,False,America/New_York,America/New_York
2072,2014-04-02,CLT,LGA,18.6833,20.4333,18.6333,20.3667,20.25,18.9,False,America/New_York,America/New_York
1954,2014-04-02,CLT,LGA,20.2667,22,20.15,21.8667,21.7167,20.3667,False,America/New_York,America/New_York
2087,2014-04-02,CLT,LGA,22.0833,23.7167,23.9333,23.9333,23.9333,23.9333,True,America/New_York,America/New_York
2972,2014-04-02,MKE,LGA,7.01667,9.18333,6.91667,9.13333,9.76667,7.21667,False,America/Chicago,America/New_York
1727,2014-04-02,MKE,LGA,9.26667,11.35,9.2,11.15,11.9667,9.36667,False,America/Chicago,America/New_York
549,2014-04-02,MKE,LGA,14.5167,16.7667,14.7,16.6667,17.4167,14.8333,False,America/Chicago,America/New_York
740,2014-04-02,MKE,LGA,18.1,20.35,18.0333,20.0333,20.85,18.2167,False,America/Chicago,America/New_York
1100,2014-04-02,DFW,LGA,7.1,10.4333,6.95,10.3167,11.1333,7.18333,False,America/Chicago,America/New_York
1104,2014-04-02,DFW,LGA,7.93333,11.1833,7.83333,11,11.85,8.01667,False,America/Chicago,America/New_York
1108,2014-04-02,DFW,LGA,8.6,12.0167,8.7,12.0667,12.8667,8.96667,False,America/Chicago,America/New_York
1110,2014-04-02,DFW,LGA,9.51667,12.9167,9.56667,12.95,13.7167,9.85,False,America/Chicago,America/New_York
1114,2014-04-02,DFW,LGA,10.9333,14.2667,10.7667,13.95,14.8167,10.9333,False,America/Chicago,America/New_York
1103,2014-04-02,DFW,LGA,11.7667,15.1,11.7,14.9,15.7333,11.9,False,America/Chicago,America/New_York
1107,2014-04-02,DFW,LGA,12.7667,16.1,12.7,15.9833,16.7833,12.8833,False,America/Chicago,America/New_York
1111,2014-04-02,DFW,LGA,14.1,17.4333,14.0167,17.2667,18.0667,14.2,False,America/Chicago,America/New_York
1121,2014-04-02,DFW,LGA,15.35,18.7667,15.3167,18.65,19.5167,15.6333,False,America/Chicago,America/New_York
1131,2014-04-02,DFW,LGA,16.1,19.5167,16.0833,19.4,20.1833,16.3167,False,America/Chicago,America/New_York
1139,2014-04-02,DFW,LGA,17.0167,20.4333,16.9167,20.15,20.95,17.1,False,America/Chicago,America/New_York
1143,2014-04-02,DFW,LGA,17.7667,21.2667,17.6667,21.0333,21.8333,17.9167,False,America/Chicago,America/New_York
1145,2014-04-02,DFW,LGA,18.6,21.9333,18.5833,21.8667,22.7,18.7833,False,America/Chicago,America/New_York
1151,2014-04-02,DFW,LGA,19.85,23.1833,20.0833,23.3333,24.1667,20.3333,False,America/Chicago,America/New_York
3568,2014-04-02,CMH,LGA,6.18333,7.68333,6.08333,7.65,7.55,6.35,False,America/New_York,America/New_York
3586,2014-04-02,CMH,LGA,8.43333,9.93333,8.36667,9.93333,9.85,8.66667,False,America/New_York,America/New_York
3407,2014-04-02,CMH,LGA,11.1,12.6833,11.0333,12.6,12.5,11.3167,False,America/New_York,America/New_York
3281,2014-04-02,CMH,LGA,14.35,16.0167,14.1333,15.5667,15.4667,14.4,False,America/New_York,America/New_York
2995,2014-04-02,CMH,LGA,17.4333,19.1833,17.4,18.9333,18.85,17.65,False,America/New_York,America/New_York
4944,2014-04-02,CMH,LGA,18.7667,20.5,18.6,20.2,20,18.8667,False,America/New_York,America/New_York
3667,2014-04-02,BNA,LGA,7.1,9.18333,7.03333,9.16667,9.95,7.3,False,America/Chicago,America/New_York
5251,2014-04-02,BNA,LGA,7.6,9.93333,8.3,10.5167,11.1,8.41667,False,America/Chicago,America/New_York
3474,2014-04-02,BNA,LGA,9.1,11.2667,8.98333,10.9667,11.8,9.18333,False,America/Chicago,America/New_York
3208,2014-04-02,BNA,LGA,9.18333,11.2667,9.08333,11.1167,11.95,9.21667,False,America/Chicago,America/New_York
4950,2014-04-02,BNA,LGA,10.6167,12.9,10.5667,12.55,13.3833,10.7167,False,America/Chicago,America/New_York
3433,2014-04-02,BNA,LGA,10.9333,13.1,10.8167,13,13.75,11.0167,False,America/Chicago,America/New_York
3461,2014-04-02,BNA,LGA,14.9333,16.9333,14.8167,16.8333,17.6833,14.9333,False,America/Chicago,America/New_York
378,2014-04-02,BNA,LGA,15.5167,17.6,15.45,17.55,18.3333,15.5833,False,America/Chicago,America/New_York
4990,2014-04-02,BNA,LGA,16.85,19.2167,16.7167,18.8667,19.7,16.9833,False,America/Chicago,America/New_York
3734,2014-04-02,BNA,LGA,19.1,21.35,18.95,20.9667,21.8,19.1,False,America/Chicago,America/New_York
3352,2014-04-02,DAY,LGA,6.18333,8.1,6.16667,7.85,7.7,6.36667,False,America/New_York,America/New_York
3419,2014-04-02,DAY,LGA,10.9333,12.7667,10.95,12.45,12.3833,11.1167,False,America/New_York,America/New_York
3796,2014-04-02,DAY,LGA,16.7667,18.7667,16.6333,18.1167,18.0167,16.8,False,America/New_York,America/New_York
3601,2014-04-02,DTW,LGA,6.86667,7.85,6.78333,7.48333,8.03333,6.93333,False,America/Detroit,America/New_York
1848,2014-04-02,DTW,LGA,8.23333,9.43333,8.16667,9.46667,9.75,8.53333,False,America/Detroit,America/New_York
1748,2014-04-02,DTW,LGA,9.31667,10.5167,9.23333,10.15,10.6667,9.48333,False,America/Detroit,America/New_York
2048,2014-04-02,DTW,LGA,10.6167,11.8,10.5667,11.3833,11.8833,10.7333,False,America/Detroit,America/New_York
1948,2014-04-02,DTW,LGA,12.5333,13.6833,13.35,14.2667,14.75,13.6167,False,America/Detroit,America/New_York
3478,2014-04-02,DTW,LGA,12.95,14.1,13,14.0833,14.6,13.4167,False,America/Detroit,America/New_York
3689,2014-04-02,DTW,LGA,14.2833,15.4333,14.2833,15.2667,15.7667,14.6833,False,America/Detroit,America/New_York
2148,2014-04-02,DTW,LGA,14.3667,15.5333,14.3333,15.3333,15.7,14.5333,False,America/Detroit,America/New_York
2248,2014-04-02,DTW,LGA,16.0333,17.2,15.9667,16.95,17.4333,16.2167,False,America/Detroit,America/New_York
3530,2014-04-02,DTW,LGA,18.1167,19.2667,18.2333,19.3,19.8167,18.6833,False,America/Detroit,America/New_York
1548,2014-04-02,DTW,LGA,18.2833,19.4833,18.2,19.1667,19.6,18.4667,False,America/Detroit,America/New_York
180,2014-04-02,DTW,LGA,20.3667,21.5667,20.2667,21.1,21.5,20.3833,False,America/Detroit,America/New_York
1448,2014-04-02,DTW,LGA,22.1167,23.2,22.0833,22.85,23.35,22.2167,False,America/Detroit,America/New_York
1945,2014-04-02,MDW,LGA,7.26667,9.35,7.21667,9.33333,10.1833,7.61667,False,America/Chicago,America/New_York
970,2014-04-02,MDW,LGA,8.35,10.4333,8.26667,10.05,10.8833,8.4,False,America/Chicago,America/New_York
341,2014-04-02,MDW,LGA,10.1833,12.2667,10.15,11.95,12.7833,10.2833,False,America/Chicago,America/New_York
2606,2014-04-02,MDW,LGA,13.9333,16.0167,13.9,15.75,16.6,14.0667,False,America/Chicago,America/New_York
1973,2014-04-02,MDW,LGA,16.6833,18.7667,16.9667,18.8167,19.65,17.1833,False,America/Chicago,America/New_York
2609,2014-04-02,MDW,LGA,21.85,23.85,22.0833,24.0833,24.9167,22.4167,False,America/Chicago,America/New_York
3390,2014-04-02,LIT,LGA,7.35,9.85,7.53333,10.1,10.9,7.71667,False,America/Chicago,America/New_York
5039,2014-04-02,BHM,LGA,7.6,10.1333,7.51667,9.71667,10.5333,7.68333,False,America/Chicago,America/New_York
4984,2014-04-02,MCI,LGA,7.6,10.6167,7.53333,10.0833,10.9333,7.7,False,America/Chicago,America/New_York
4945,2014-04-02,MCI,LGA,11.95,14.9167,12.7,15.3333,16.05,12.8667,False,America/Chicago,America/New_York
4957,2014-04-02,MCI,LGA,18.9667,21.8833,19.0167,21.4333,22.2667,19.1167,False,America/Chicago,America/New_York
558,2014-04-02,MSY,LGA,7.85,10.8167,7.73333,10.6,11.4,7.93333,False,America/Chicago,America/New_York
2006,2014-04-02,MSY,LGA,12.1833,15.1667,12.6667,15.5167,16.2833,12.85,False,America/Chicago,America/New_York
1311,2014-04-02,MSY,LGA,19.7667,22.7667,19.6667,22.4333,23.2167,19.85,False,America/Chicago,America/New_York
2135,2014-04-02,TPA,LGA,6.93333,9.55,6.86667,9.48333,9.36667,7.05,False,America/New_York,America/New_York
1316,2014-04-02,TPA,LGA,7.96667,10.6667,7.91667,10.55,10.4333,8.1,False,America/New_York,America/New_York
1716,2014-04-02,TPA,LGA,11.3167,13.9333,11.25,14.3167,13.8167,11.5333,False,America/New_York,America/New_York
1173,2014-04-02,TPA,LGA,11.7667,14.4333,11.6667,14.3667,14.25,12,False,America/New_York,America/New_York
1875,2014-04-02,TPA,LGA,14.9333,17.6333,14.9667,17.5333,17.4333,15.2167,False,America/New_York,America/New_York
1116,2014-04-02,TPA,LGA,18.6667,21.4167,19.1667,21.6833,21.6,19.3167,False,America/New_York,America/New_York
650,2014-04-02,TPA,LGA,19.75,22.4167,19.7,22.2667,22.1333,19.8833,False,America/New_York,America/New_York
2151,2014-04-02,MIA,LGA,6.93333,10,6.9,9.98333,9.83333,7.25,False,America/New_York,America/New_York
1133,2014-04-02,MIA,LGA,7.93333,10.85,7.8,10.6667,10.6167,8.06667,False,America/New_York,America/New_York
1354,2014-04-02,MIA,LGA,9.18333,12.0167,9.05,11.8333,11.7667,9.28333,False,America/New_York,America/New_York
2318,2014-04-02,MIA,LGA,10.1833,13.0167,10.0833,13,12.95,10.4667,False,America/New_York,America/New_York
2003,2014-04-02,MIA,LGA,10.9333,14.0167,10.8333,13.8,13.6667,11.15,False,America/New_York,America/New_York
1175,2014-04-02,MIA,LGA,11.1833,14.1,11.0833,13.9667,13.8667,11.2833,False,America/New_York,America/New_York
2279,2014-04-02,MIA,LGA,12.5167,15.4333,12.3667,15.2667,15.2,12.6667,False,America/New_York,America/New_York
2429,2014-04-02,MIA,LGA,13.2667,16.25,13.1833,15.9333,15.8167,13.3833,False,America/New_York,America/New_York
2267,2014-04-02,MIA,LGA,14.0167,16.9333,13.9333,16.6167,16.55,14.0667,False,America/New_York,America/New_York
1681,2014-04-02,MIA,LGA,14.9333,17.9333,14.8,17.6333,17.55,15.0167,False,America/New_York,America/New_York
2417,2014-04-02,MIA,LGA,15.6,18.7333,15.5667,18.5167,18.3333,15.8667,False,America/New_York,America/New_York
1599,2014-04-02,MIA,LGA,15.85,18.9333,15.7833,18.6167,18.5167,16.05,False,America/New_York,America/New_York
1256,2014-04-02,MIA,LGA,17.9333,20.9333,17.9333,20.7667,20.7167,18.2667,False,America/New_York,America/New_York
1923,2014-04-02,MIA,LGA,18.0167,21.0833,17.8333,20.6,20.4833,18.05,False,America/New_York,America/New_York
1073,2014-04-02,MIA,LGA,19.4333,22.2667,19.3167,22.0833,22.0167,19.5333,False,America/New_York,America/New_York
2438,2014-04-02,MIA,LGA,19.7667,22.8167,19.7,22.5167,22.4,19.9833,False,America/New_York,America/New_York
2297,2014-04-02,MIA,LGA,20.5167,23.35,20.3833,23.15,23.0833,20.6,False,America/New_York,America/New_York
3718,2014-04-02,RDU,LGA,6.93333,8.35,6.8,8.55,8.03333,6.95,False,America/New_York,America/New_York
3552,2014-04-02,RDU,LGA,7.93333,9.41667,8,9.45,9.38333,8.25,False,America/New_York,America/New_York
3531,2014-04-02,RDU,LGA,8.85,10.35,8.78333,10.4833,10.3667,9.21667,False,America/New_York,America/New_York
3404,2014-04-02,RDU,LGA,11.5167,13.0167,11.3333,12.7,12.6333,11.5167,False,America/New_York,America/New_York
3591,2014-04-02,RDU,LGA,14.1,15.6833,13.9667,15.35,15.3,14.2,False,America/New_York,America/New_York
3305,2014-04-02,RDU,LGA,15.6,17.1833,15.4833,17.1167,16.9,15.75,False,America/New_York,America/New_York
3416,2014-04-02,RDU,LGA,17.1,18.6833,17.2833,18.5333,18.4833,17.4333,False,America/New_York,America/New_York
4958,2014-04-02,RDU,LGA,17.1833,18.8,17.0333,18.35,18.2667,17.2,False,America/New_York,America/New_York
3301,2014-04-02,RDU,LGA,18.85,20.5167,18.7333,20.2167,20.1,18.9833,False,America/New_York,America/New_York
4994,2014-04-02,CHO,LGA,6.93333,8.26667,6.85,8.08333,7.93333,7.06667,False,America/New_York,America/New_York
2767,2014-04-02,CHO,LGA,14.1,15.5167,13.9833,15.2333,15.0667,14.1667,False,America/New_York,America/New_York
4880,2014-04-02,CAE,LGA,7.01667,9.01667,6.9,8.83333,8.58333,7.08333,False,America/New_York,America/New_York
4966,2014-04-02,CAE,LGA,17.2333,19.25,17.1667,18.9167,18.8333,17.3,False,America/New_York,America/New_York
1996,2014-04-02,MSP,LGA,8.01667,10.8167,7.86667,10.4333,11.2333,8.2,False,America/Chicago,America/New_York
2096,2014-04-02,MSP,LGA,9.85,12.6833,9.76667,12.2,12.95,9.95,False,America/Chicago,America/New_York
1796,2014-04-02,MSP,LGA,11.1,13.8333,11.0167,13.45,14.2333,11.25,False,America/Chicago,America/New_York
1496,2014-04-02,MSP,LGA,14.1,16.8167,14.0333,16.45,17.25,14.3333,False,America/Chicago,America/New_York
2196,2014-04-02,MSP,LGA,16.35,19.1,16.3,18.7833,19.5,16.5167,False,America/Chicago,America/New_York
2296,2014-04-02,MSP,LGA,18.2667,21.0667,18.1667,20.9167,21.4333,18.4,False,America/Chicago,America/New_York
1596,2014-04-02,MSP,LGA,20.2333,22.9667,20.1833,22.75,23.5333,20.4833,False,America/Chicago,America/New_York
581,2014-04-02,CAK,LGA,7.1,8.43333,7.01667,8.25,8.15,7.15,False,America/New_York,America/New_York
401,2014-04-02,CAK,LGA,17.5167,18.8833,17.4333,18.9833,18.8667,17.9167,False,America/New_York,America/New_York
2358,2014-04-02,PBI,LGA,7.26667,10.0667,7.25,10.0333,9.93333,7.56667,False,America/New_York,America/New_York
62,2014-04-02,PBI,LGA,10.0167,12.75,10.0167,12.7333,12.65,10.25,False,America/New_York,America/New_York
29,2014-04-02,PBI,LGA,11.1833,13.9167,11.1333,13.85,13.8,11.3667,False,America/New_York,America/New_York
2433,2014-04-02,PBI,LGA,11.6833,14.5833,11.6833,14.4333,14.2833,11.9167,False,America/New_York,America/New_York
362,2014-04-02,PBI,LGA,12.15,14.9167,12.2167,14.9333,14.85,12.5333,False,America/New_York,America/New_York
2418,2014-04-02,PBI,LGA,14.1833,17.05,14.0833,16.8667,16.7167,14.3167,False,America/New_York,America/New_York
2462,2014-04-02,PBI,LGA,17.6,20.5333,17.4833,20.3833,20.2333,17.7833,False,America/New_York,America/New_York
1262,2014-04-02,PBI,LGA,17.7667,20.5833,17.6667,20.45,20.3667,18.0333,False,America/New_York,America/New_York
1327,2014-04-02,PBI,LGA,19.1,22.0167,18.95,21.5167,21.4667,19.1833,False,America/New_York,America/New_York
2437,2014-04-02,PBI,LGA,19.2667,22.1833,19.2,21.9833,21.8167,19.4833,False,America/New_York,America/New_York
445,2014-04-02,IAH,LGA,8.23333,11.9,8.11667,11.4667,12.3167,8.43333,False,America/Chicago,America/New_York
318,2014-04-02,IAH,LGA,9.85,13.6333,10.0167,13.2333,14.0833,10.2333,False,America/Chicago,America/New_York
1573,2014-04-02,IAH,LGA,11.2667,14.9167,11.15,14.5833,15.4,11.35,False,America/Chicago,America/New_York
1501,2014-04-02,IAH,LGA,12.4333,16.0833,12.2833,15.7,16.55,12.45,False,America/Chicago,America/New_York
420,2014-04-02,IAH,LGA,14.4667,18.1333,14.2667,17.65,18.5,14.5333,False,America/Chicago,America/New_York
1027,2014-04-02,IAH,LGA,16.7667,20.4167,16.9,20.25,21.0667,17.0667,False,America/Chicago,America/New_York
12,2014-04-02,IAH,LGA,17.8333,21.45,17.75,21.0333,21.8833,17.9667,False,America/Chicago,America/New_York
404,2014-04-02,IAH,LGA,18.6,22.3333,18.7333,22.0333,22.8833,19.0333,False,America/Chicago,America/New_York
1628,2014-04-02,IAH,LGA,19.8,23.4,19.8167,23.2667,24.0833,20.0833,False,America/Chicago,America/New_York
4159,2014-04-02,CLE,LGA,7.43333,9.2,7.26667,8.6,8.53333,7.48333,False,America/New_York,America/New_York
4879,2014-04-02,CLE,LGA,7.43333,9.1,7.41667,8.83333,8.61667,7.55,False,America/New_York,America/New_York
4319,2014-04-02,CLE,LGA,11.0333,12.6833,11.3333,12.6333,12.5667,11.5333,False,America/New_York,America/New_York
5976,2014-04-02,CLE,LGA,12.2667,13.9167,12.1667,13.65,13.5167,12.4333,False,America/New_York,America/New_York
4974,2014-04-02,CLE,LGA,14.5167,16.2167,14.3833,15.8667,15.7333,14.6167,False,America/New_York,America/New_York
4317,2014-04-02,CLE,LGA,15.6,17.3167,15.4833,17.15,16.9667,15.8333,False,America/New_York,America/New_York
4199,2014-04-02,CLE,LGA,18.2833,19.9167,18.1667,19.4833,19.4,18.3667,False,America/New_York,America/New_York
4970,2014-04-02,CLE,LGA,18.8167,20.6,18.65,20.1833,20.0667,19.0167,False,America/New_York,America/New_York
4625,2014-04-02,CLE,LGA,19.4167,21.1,19.5667,21.1333,21,19.9333,False,America/New_York,America/New_York
6009,2014-04-02,CLE,LGA,20.9667,22.55,20.85,22.1833,22.0333,21.0167,False,America/New_York,America/New_York
4993,2014-04-02,ROC,LGA,7.43333,8.81667,7.28333,8.36667,8.21667,7.46667,False,America/New_York,America/New_York
5389,2014-04-02,ROC,LGA,18.6833,20.05,18.5,19.6833,19.55,18.8,False,America/New_York,America/New_York
5736,2014-04-02,IAD,LGA,7.98333,9.43333,7.96667,9.4,9.33333,8.58333,False,America/New_York,America/New_York
4405,2014-04-02,IAD,LGA,12.2667,13.7167,12.1667,13.4167,13.1167,12.4,False,America/New_York,America/New_York
5816,2014-04-02,IAD,LGA,14.7167,16.15,14.6333,15.6333,15.55,14.85,False,America/New_York,America/New_York
5713,2014-04-02,IAD,LGA,17.1667,18.7833,17.1667,18.1833,18.1167,17.4333,False,America/New_York,America/New_York
5742,2014-04-02,IAD,LGA,21.7667,23.0667,21.65,22.6667,22.5833,21.8667,False,America/New_York,America/New_York
347,2014-04-02,DEN,LGA,10.3333,14.05,10.25,13.5333,15.45,10.4667,False,America/Denver,America/New_York
1128,2014-04-02,DEN,LGA,12.45,16.2333,12.4833,15.6,17.5667,12.65,False,America/Denver,America/New_York
4472,2014-04-02,DEN,LGA,12.5833,16.1,13.15,16.3333,18.3167,13.3167,False,America/Denver,America/New_York
928,2014-04-02,DEN,LGA,12.7333,16.4167,12.7333,15.9333,17.9,12.95,False,America/Denver,America/New_York
506,2014-04-02,DEN,LGA,13.2,16.85,17,20.25,22.0833,17.1833,False,America/Denver,America/New_York
754,2014-04-02,DEN,LGA,17.0833,20.85,17.1,20.25,22.25,17.35,False,America/Denver,America/New_York
2709,2014-04-02,DEN,LGA,17.8333,21.2667,17.8167,20.9167,22.9167,17.9333,False,America/Denver,America/New_York
1794,2014-04-02,DEN,LGA,17.9833,21.5667,18.15,21.3333,23.2833,18.35,False,America/Denver,America/New_York
406,2014-04-02,DEN,LGA,18.3333,21.95,20.3,23.5167,25.4333,20.5833,False,America/Denver,America/New_York
671,2014-04-02,DEN,LGA,19.65,23.4333,19.55,22.7667,24.7667,19.7167,False,America/Denver,America/New_York
1,2014-04-02,HOU,LGA,9.35,12.9333,9.45,12.8667,13.6667,9.68333,False,America/Chicago,America/New_York
41,2014-04-02,HOU,LGA,18.7667,22.35,19.3333,22.6167,23.3667,19.45,False,America/Chicago,America/New_York
2834,2014-04-02,STL,LGA,9.43333,11.9333,9.33333,11.7167,12.55,9.58333,False,America/Chicago,America/New_York
3768,2014-04-02,STL,LGA,10.0167,12.35,9.98333,12.35,13.15,10.1667,False,America/Chicago,America/New_York
2809,2014-04-02,STL,LGA,11.6,14.1,11.6333,14.3,15.15,12.2167,False,America/Chicago,America/New_York
3149,2014-04-02,STL,LGA,13.0167,15.35,13.1,15.8,16.6167,13.4167,False,America/Chicago,America/New_York
2919,2014-04-02,STL,LGA,13.4333,15.9333,15.3667,18.0333,18.8833,15.95,False,America/Chicago,America/New_York
2876,2014-04-02,STL,LGA,15.6833,18.2667,16.6167,19.05,19.8833,16.9,False,America/Chicago,America/New_York
2840,2014-04-02,STL,LGA,18.0167,20.6,19.25,21.6,22.4667,19.6,False,America/Chicago,America/New_York
559,2014-04-02,STL,LGA,20.2667,22.6,20.5,22.75,23.55,20.6333,False,America/Chicago,America/New_York
3547,2014-04-02,XNA,LGA,10.5167,13.4333,10.3833,13.1333,13.9667,10.6333,False,America/Chicago,America/New_York
3553,2014-04-02,XNA,LGA,18.9333,21.7667,18.9167,21.5167,22.35,19.0833,False,America/Chicago,America/New_York
5292,2014-04-02,BUF,LGA,11.9167,13.3667,12.25,13.2833,13.1833,12.45,False,America/New_York,America/New_York
5318,2014-04-02,BUF,LGA,14.1167,15.6333,13.95,15.0167,14.8333,14.0667,False,America/New_York,America/New_York
5202,2014-04-02,IND,LGA,12.75,13.9333,12.7167,13.6833,14.3833,12.9,False,America/Indiana/Indianapolis,America/New_York
1310,2014-04-02,RSW,LGA,12.0167,14.9667,11.8167,14.5833,14.4333,12.0333,False,America/New_York,America/New_York
1640,2014-04-02,RSW,LGA,16.0167,18.8167,16.6333,19.3833,19.3,16.8333,False,America/New_York,America/New_York
1338,2014-04-02,RSW,LGA,17.55,20.4333,17.3833,20.1833,19.9833,17.6,False,America/New_York,America/New_York
2789,2014-04-02,ILM,LGA,13.1833,15.0167,13.05,14.65,14.5833,13.3,False,America/New_York,America/New_York
2076,2014-04-02,PHL,LGA,13.85,14.7167,13.7833,14.5833,14.5,14.0167,False,America/New_York,America/New_York
2082,2014-04-02,PHL,LGA,21.1833,22.15,21.05,21.7833,21.7,21.2167,False,America/New_York,America/New_York
1931,2014-04-02,SRQ,LGA,14.85,17.5833,14.7833,17.7833,17.6833,15.3333,False,America/New_York,America/New_York
432,2014-04-02,SRQ,LGA,17.2667,20,17.8833,20.5167,20.4167,18.05,False,America/New_York,America/New_York
3340,2014-04-02,TYS,LGA,15.7667,17.7667,15.7333,17.5333,17.4667,15.9333,False,America/New_York,America/New_York
4899,2014-04-02,SAV,LGA,16.5167,18.65,18.45,20.3833,20.2833,18.6667,False,America/New_York,America/New_York
2771,2014-04-02,ROA,LGA,18.4333,20.0167,18.3333,19.8333,19.6333,18.5667,False,America/New_York,America/New_York
5005,2014-04-02,PIT,LGA,18.5167,19.9167,18.4333,19.6667,19.5333,18.6,False,America/New_York,America/New_York
1714,2014-04-02,LGA,IAH,5.68333,9.35,5.58333,9.23333,8.16667,5.71667,False,America/New_York,America/Chicago
559,2014-04-02,LGA,IAH,6.43333,10.1833,6.26667,9.96667,8.9,6.55,False,America/New_York,America/Chicago
1214,2014-04-02,LGA,IAH,7.35,11.1167,7.2,11.0333,9.98333,7.45,False,America/New_York,America/Chicago
1025,2014-04-02,LGA,IAH,8.76667,12.6,8.81667,12.3833,11.4,9.1,False,America/New_York,America/Chicago
1257,2014-04-02,LGA,IAH,9.93333,13.75,9.93333,14,12.9167,10.3333,False,America/New_York,America/Chicago
322,2014-04-02,LGA,IAH,12.65,16.4333,13.1333,16.9,15.7833,13.4833,False,America/New_York,America/Chicago
437,2014-04-02,LGA,IAH,14.4667,18.5833,14.4167,18.1833,17.1,14.5833,False,America/New_York,America/Chicago
360,2014-04-02,LGA,IAH,17,21.1,16.9,20.9167,19.8333,17.3167,False,America/New_York,America/Chicago
441,2014-04-02,LGA,IAH,18.9667,23.0167,18.7167,22.65,21.6333,19.15,False,America/New_York,America/Chicago
301,2014-04-02,LGA,ORD,5.93333,8.43333,5.76667,8.35,7.11667,5.96667,False,America/New_York,America/Chicago
303,2014-04-02,LGA,ORD,6.43333,8.85,6.28333,8.78333,7.6,6.45,False,America/New_York,America/Chicago
305,2014-04-02,LGA,ORD,6.93333,9.43333,6.8,9.41667,8.4,7.16667,False,America/New_York,America/Chicago
331,2014-04-02,LGA,ORD,6.93333,9.35,6.81667,9.41667,8.23333,7,False,America/New_York,America/Chicago
307,2014-04-02,LGA,ORD,7.6,10.1,7.48333,10.2,8.93333,7.66667,False,America/New_York,America/Chicago
711,2014-04-02,LGA,ORD,7.93333,10.35,7.8,10.2167,9.15,8.05,False,America/New_York,America/Chicago
313,2014-04-02,LGA,ORD,8.43333,11.0167,8.35,11.0833,9.95,8.73333,False,America/New_York,America/Chicago
1201,2014-04-02,LGA,ORD,8.93333,11.35,8.91667,11.65,10.5,9.3,False,America/New_York,America/Chicago
317,2014-04-02,LGA,ORD,9.68333,12.2667,9.53333,12.05,10.8167,9.7,False,America/New_York,America/Chicago
1076,2014-04-02,LGA,ORD,9.93333,12.4667,9.78333,12.45,11.2667,10.0833,False,America/New_York,America/Chicago
325,2014-04-02,LGA,ORD,10.2667,12.85,10.1167,12.75,11.6167,10.4333,False,America/New_York,America/Chicago
327,2014-04-02,LGA,ORD,11.2667,13.85,11.1,13.8833,12.9,11.5667,False,America/New_York,America/Chicago
681,2014-04-02,LGA,ORD,11.9333,14.4333,11.75,14.45,13.3333,12.1833,False,America/New_York,America/Chicago
347,2014-04-02,LGA,ORD,12.35,14.85,12.1333,14.6667,13.65,12.4833,False,America/New_York,America/Chicago
331,2014-04-02,LGA,ORD,13.2667,15.7667,13.1333,15.5833,14.5833,13.5,False,America/New_York,America/Chicago
341,2014-04-02,LGA,ORD,14.7667,17.35,14.6833,17.3,16.2833,14.9,False,America/New_York,America/Chicago
343,2014-04-02,LGA,ORD,15.9333,18.6,15.7667,18.3,17.15,15.9333,False,America/New_York,America/Chicago
1671,2014-04-02,LGA,ORD,15.9333,18.3667,16.05,18.6833,17.5167,16.4667,False,America/New_York,America/Chicago
349,2014-04-02,LGA,ORD,16.9333,19.6833,16.8333,19.5667,18.3333,17.1333,False,America/New_York,America/Chicago
1443,2014-04-02,LGA,ORD,16.9333,19.55,16.95,19.5833,18.4333,17.2333,False,America/New_York,America/Chicago
345,2014-04-02,LGA,ORD,17.9333,20.6,17.8333,20.6167,19.4167,18.1833,False,America/New_York,America/Chicago
691,2014-04-02,LGA,ORD,17.9333,20.4667,17.8,20.5333,19.2833,18.0833,False,America/New_York,America/Chicago
359,2014-04-02,LGA,ORD,18.7667,21.35,18.6,21.45,20.2333,19.05,False,America/New_York,America/Chicago
363,2014-04-02,LGA,ORD,19.5167,22.0167,19.35,22.1333,21.0167,19.7167,False,America/New_York,America/Chicago
1422,2014-04-02,LGA,ORD,20.0167,22.5833,19.8833,22.4167,21.3167,20.2,False,America/New_York,America/Chicago
371,2014-04-02,LGA,ORD,20.4167,22.8333,20.2167,22.75,21.7333,20.5167,False,America/New_York,America/Chicago
1175,2014-04-02,LGA,MIA,5.93333,8.93333,5.85,8.9,8.75,6.21667,False,America/New_York,America/New_York
2003,2014-04-02,LGA,MIA,6.93333,10.2,6.76667,9.6,9.53333,7.1,False,America/New_York,America/New_York
2279,2014-04-02,LGA,MIA,7.1,10.2667,6.98333,9.91667,9.78333,7.3,False,America/New_York,America/New_York
2267,2014-04-02,LGA,MIA,8.35,11.6,8.33333,11.25,11.05,8.61667,False,America/New_York,America/New_York
874,2014-04-02,LGA,MIA,9.01667,12.3667,9.01667,12.1,12,9.58333,False,America/New_York,America/New_York
1599,2014-04-02,LGA,MIA,10.7667,13.9333,10.65,13.3833,13.2833,10.8667,False,America/New_York,America/New_York
2098,2014-04-02,LGA,MIA,11.4333,14.9,11.3333,14.4667,14.35,11.8833,False,America/New_York,America/New_York
388,2014-04-02,LGA,MIA,11.6833,14.85,11.65,14.65,14.4,12.0167,False,America/New_York,America/New_York
1256,2014-04-02,LGA,MIA,12.85,16.0167,12.65,15.3333,15.25,12.7833,False,America/New_York,America/New_York
1073,2014-04-02,LGA,MIA,13.85,17.0167,13.7833,16.7667,16.6333,14.1,False,America/New_York,America/New_York
1649,2014-04-02,LGA,MIA,14.0167,17.3167,13.9167,16.9667,16.8333,14.25,False,America/New_York,America/New_York
2297,2014-04-02,LGA,MIA,14.9333,18.2667,14.7667,17.9167,17.7167,15.2167,False,America/New_York,America/New_York
1982,2014-04-02,LGA,MIA,15.6833,19.0667,15.6833,18.6667,18.6167,16.1333,False,America/New_York,America/New_York
1410,2014-04-02,LGA,MIA,16.2667,19.6,16.1167,19.35,18.95,16.5,False,America/New_York,America/New_York
1611,2014-04-02,LGA,MIA,18.2667,21.5167,18.2,21.4833,21.3667,18.8333,False,America/New_York,America/New_York
2139,2014-04-02,LGA,MIA,19.4167,22.8,19.2833,22.3833,22.3167,19.8667,False,America/New_York,America/New_York
2437,2014-04-02,LGA,MIA,19.6,22.6833,19.5,22.3167,22.2,19.8333,False,America/New_York,America/New_York
1103,2014-04-02,LGA,DFW,5.93333,9.76667,5.85,9.76667,8.58333,6.18333,False,America/New_York,America/Chicago
1107,2014-04-02,LGA,DFW,6.68333,10.4333,6.5,10.25,9.23333,6.8,False,America/New_York,America/Chicago
1111,2014-04-02,LGA,DFW,7.68333,11.4333,7.66667,11.25,10.2667,7.86667,False,America/New_York,America/Chicago
1121,2014-04-02,LGA,DFW,8.93333,12.85,8.78333,12.6167,11.5833,9.11667,False,America/New_York,America/Chicago
1131,2014-04-02,LGA,DFW,10.35,14.2667,10.1833,13.7333,12.75,10.4667,False,America/New_York,America/Chicago
1139,2014-04-02,LGA,DFW,11.2667,15.1833,11.0667,14.7667,13.7167,11.4167,False,America/New_York,America/Chicago
1143,2014-04-02,LGA,DFW,12.0167,15.9333,11.85,15.7333,14.6833,12.3,False,America/New_York,America/Chicago
1145,2014-04-02,LGA,DFW,12.9333,16.7667,12.8333,16.55,15.4667,13.1333,False,America/New_York,America/Chicago
1151,2014-04-02,LGA,DFW,13.7667,17.6833,13.75,17.3667,16.3,13.9167,False,America/New_York,America/Chicago
1155,2014-04-02,LGA,DFW,14.85,18.9333,14.75,18.3667,17.3667,14.95,False,America/New_York,America/Chicago
1156,2014-04-02,LGA,DFW,15.9333,19.9333,15.8667,19.7,18.55,16.2,False,America/New_York,America/Chicago
1171,2014-04-02,LGA,DFW,16.9333,20.9333,16.7833,20.55,19.45,17.1667,False,America/New_York,America/Chicago
1185,2014-04-02,LGA,DFW,17.9333,21.85,17.85,21.5,20.4833,18.1167,False,America/New_York,America/Chicago
1193,2014-04-02,LGA,DFW,18.9333,22.7667,18.8167,22.7833,21.75,19.3167,False,America/New_York,America/Chicago
371,2014-04-02,LGA,FLL,5.93333,8.83333,5.8,8.73333,8.65,6.31667,False,America/New_York,America/New_York
1879,2014-04-02,LGA,FLL,7.01667,10.2167,6.95,9.65,9.6,7.25,False,America/New_York,America/New_York
1642,2014-04-02,LGA,FLL,9.01667,12.2667,8.96667,12.0167,11.9833,9.46667,False,America/New_York,America/New_York
271,2014-04-02,LGA,FLL,9.88333,13.0667,9.63333,12.3667,12.3,9.96667,False,America/New_York,America/New_York
971,2014-04-02,LGA,FLL,10.7667,14,10.7167,13.5333,13.45,10.9833,False,America/New_York,America/New_York
954,2014-04-02,LGA,FLL,11.7667,15.15,11.6333,14.5667,14.5,12.0833,False,America/New_York,America/New_York
1171,2014-04-02,LGA,FLL,14.6833,17.7833,15.05,18.3167,18.2333,15.7167,False,America/New_York,America/New_York
1779,2014-04-02,LGA,FLL,14.8167,18.0833,14.85,17.9667,17.9333,15.3167,False,America/New_York,America/New_York
2524,2014-04-02,LGA,FLL,17.6833,20.95,17.6167,20.3667,20.3,17.8667,False,America/New_York,America/New_York
1854,2014-04-02,LGA,FLL,19.5167,22.7167,19.4333,22.35,22.2833,19.85,False,America/New_York,America/New_York
1271,2014-04-02,LGA,FLL,19.6,22.6667,20.0833,22.9667,22.9,20.4333,False,America/New_York,America/New_York
1371,2014-04-02,LGA,FLL,21.4333,24.2167,21.25,24.0167,23.9167,21.55,False,America/New_York,America/New_York
731,2014-04-02,LGA,DTW,5.93333,8.4,5.85,8.31667,7.63333,6.11667,False,America/New_York,America/Detroit
831,2014-04-02,LGA,DTW,7.26667,9.9,7.16667,9.56667,8.9,7.4,False,America/New_York,America/Detroit
181,2014-04-02,LGA,DTW,9.01667,11.7833,9.01667,11.7333,11.0333,9.51667,False,America/New_York,America/Detroit
3478,2014-04-02,LGA,DTW,9.76667,12.3667,9.66667,12.1667,11.4667,10.0167,False,America/New_York,America/Detroit
2366,2014-04-02,LGA,DTW,10.9333,13.6167,10.8333,13.55,12.8,11.2,False,America/New_York,America/Detroit
3689,2014-04-02,LGA,DTW,11.1,13.7,11.0167,13.6833,12.95,11.3333,False,America/New_York,America/Detroit
1131,2014-04-02,LGA,DTW,12.5167,15.1,12.45,14.9167,14.2167,12.6667,False,America/New_York,America/Detroit
1231,2014-04-02,LGA,DTW,14.4167,17.0333,14.9,17.5333,16.8167,15.3,False,America/New_York,America/Detroit
3530,2014-04-02,LGA,DTW,14.9333,17.5333,14.9333,17.7333,17.0833,15.45,False,America/New_York,America/Detroit
2231,2014-04-02,LGA,DTW,16.5167,19.3,16.5,19.1333,18.45,16.9,False,America/New_York,America/Detroit
2331,2014-04-02,LGA,DTW,18.6,21.2667,18.5667,21.2833,20.5667,19,False,America/New_York,America/Detroit
3603,2014-04-02,LGA,DTW,19.9333,22.6167,19.8667,22.5167,21.7667,20.2667,False,America/New_York,America/Detroit
2131,2014-04-02,LGA,DTW,20.4333,23.1167,20.35,22.9167,22.1667,20.6167,False,America/New_York,America/Detroit
904,2014-04-02,LGA,ATL,5.93333,8.4,5.81667,7.96667,7.88333,6.08333,False,America/New_York,America/New_York
894,2014-04-02,LGA,ATL,6.18333,8.68333,6.11667,8.55,8.41667,6.36667,False,America/New_York,America/New_York
1547,2014-04-02,LGA,ATL,6.93333,9.6,6.86667,9.28333,9.18333,7.26667,False,America/New_York,America/New_York
2047,2014-04-02,LGA,ATL,7.91667,10.4333,7.85,10.2,10.0833,8.25,False,America/New_York,America/New_York
1747,2014-04-02,LGA,ATL,8.91667,11.6167,8.9,11.35,11.2333,9.41667,False,America/New_York,America/New_York
936,2014-04-02,LGA,ATL,9.01667,11.5167,9.01667,11.4833,11.3,9.45,False,America/New_York,America/New_York
1847,2014-04-02,LGA,ATL,9.93333,12.6,9.83333,12.15,12.0833,10.1833,False,America/New_York,America/New_York
1647,2014-04-02,LGA,ATL,10.9333,13.5333,10.85,13.15,13.0833,11.25,False,America/New_York,America/New_York
1600,2014-04-02,LGA,ATL,11.6,14.0833,11.6167,13.9,13.7333,11.8,False,America/New_York,America/New_York
1947,2014-04-02,LGA,ATL,11.9333,14.6333,11.9167,14.3667,14.2167,12.2833,False,America/New_York,America/New_York
781,2014-04-02,LGA,ATL,12.9333,15.5167,12.8833,15.2,15.0833,13.2333,False,America/New_York,America/New_York
2247,2014-04-02,LGA,ATL,13.9333,16.4167,13.85,16.1,16.0167,14.2167,False,America/New_York,America/New_York
674,2014-04-02,LGA,ATL,14.1833,16.6833,14.55,16.6667,16.5667,14.7833,False,America/New_York,America/New_York
1650,2014-04-02,LGA,ATL,14.9167,17.5333,14.8,17.25,17.1667,15.3333,False,America/New_York,America/New_York
847,2014-04-02,LGA,ATL,15.9167,18.5833,15.7333,18.1,17.9667,16.1167,False,America/New_York,America/New_York
221,2014-04-02,LGA,ATL,16.9333,19.6,16.9167,19.4167,19.1,17.2833,False,America/New_York,America/New_York
147,2014-04-02,LGA,ATL,17.4167,19.9167,18.5,20.85,20.7,18.85,False,America/New_York,America/New_York
1658,2014-04-02,LGA,ATL,17.4333,20.0333,17.3167,19.5167,19.4167,17.5667,False,America/New_York,America/New_York
1659,2014-04-02,LGA,ATL,17.9333,20.4667,17.9333,20.5667,20.1,18.2833,False,America/New_York,America/New_York
947,2014-04-02,LGA,ATL,18.9333,21.4667,18.9167,21.2833,21.1667,19.3667,False,America/New_York,America/New_York
659,2014-04-02,LGA,ATL,19.55,22.05,19.7333,21.9667,21.8167,20.0333,False,America/New_York,America/New_York
1147,2014-04-02,LGA,ATL,19.9333,22.55,19.9167,22.3333,22.1667,20.35,False,America/New_York,America/New_York
1247,2014-04-02,LGA,ATL,20.9333,23.3667,20.9667,23.0167,22.9167,21.1167,False,America/New_York,America/New_York
2134,2014-04-02,LGA,BOS,5.93333,6.98333,5.81667,6.78333,6.6,6.06667,False,America/New_York,America/New_York
2136,2014-04-02,LGA,BOS,6.93333,8.06667,6.83333,7.86667,7.68333,7.11667,False,America/New_York,America/New_York
2138,2014-04-02,LGA,BOS,7.93333,9.05,7.81667,8.75,8.65,8.08333,False,America/New_York,America/New_York
2140,2014-04-02,LGA,BOS,8.93333,10.2333,8.8,9.93333,9.76667,9.18333,False,America/New_York,America/New_York
2142,2014-04-02,LGA,BOS,9.93333,11.0833,9.8,10.8,10.6667,10.1,False,America/New_York,America/New_York
2144,2014-04-02,LGA,BOS,10.9333,12.05,10.7833,11.7833,11.6,11.0167,False,America/New_York,America/New_York
2146,2014-04-02,LGA,BOS,11.9333,13.0667,11.8333,12.8667,12.7167,12.2167,False,America/New_York,America/New_York
2148,2014-04-02,LGA,BOS,12.9333,14.05,12.9667,13.95,13.85,13.3167,False,America/New_York,America/New_York
2150,2014-04-02,LGA,BOS,13.9333,15,13.85,14.7333,14.6167,14.0833,False,America/New_York,America/New_York
2152,2014-04-02,LGA,BOS,14.9333,16.0667,14.8167,15.8167,15.6833,15.1333,False,America/New_York,America/New_York
2154,2014-04-02,LGA,BOS,15.9333,17.1833,15.8333,16.9333,16.7333,16.1667,False,America/New_York,America/New_York
2156,2014-04-02,LGA,BOS,16.9333,18.1833,16.8167,17.7833,17.6333,17.0833,False,America/New_York,America/New_York
2158,2014-04-02,LGA,BOS,17.9333,19.1333,17.8,18.6833,18.5833,18.05,False,America/New_York,America/New_York
2160,2014-04-02,LGA,BOS,18.9333,20.1167,18.75,19.8833,19.7333,19.1833,False,America/New_York,America/New_York
2162,2014-04-02,LGA,BOS,19.9333,21.1667,19.7833,20.95,20.85,20.3,False,America/New_York,America/New_York
2164,2014-04-02,LGA,BOS,20.9333,22.05,20.8,21.8667,21.7333,21.1833,False,America/New_York,America/New_York
2167,2014-04-02,LGA,DCA,5.93333,6.91667,5.76667,6.71667,6.66667,5.98333,False,America/New_York,America/New_York
2169,2014-04-02,LGA,DCA,6.93333,8.1,6.81667,7.98333,7.83333,7.06667,False,America/New_York,America/New_York
2171,2014-04-02,LGA,DCA,7.93333,9.23333,7.78333,8.98333,8.91667,8.01667,False,America/New_York,America/New_York
2173,2014-04-02,LGA,DCA,8.93333,10.3333,8.81667,10.1833,10.1,9.21667,False,America/New_York,America/New_York
2175,2014-04-02,LGA,DCA,9.93333,11.2667,9.83333,11.0667,11.0333,10.2,False,America/New_York,America/New_York
2177,2014-04-02,LGA,DCA,10.9333,12.15,10.8,11.9833,11.9167,11.15,False,America/New_York,America/New_York
2179,2014-04-02,LGA,DCA,11.9333,13.1667,11.7667,13.1,13.0667,12.1667,False,America/New_York,America/New_York
2181,2014-04-02,LGA,DCA,12.9333,14.15,12.7667,13.9,13.8667,13.0833,False,America/New_York,America/New_York
2183,2014-04-02,LGA,DCA,13.9333,15.1333,13.7667,14.8167,14.7833,13.9667,False,America/New_York,America/New_York
2185,2014-04-02,LGA,DCA,14.9333,16.25,14.8,15.85,15.8167,15.05,False,America/New_York,America/New_York
2187,2014-04-02,LGA,DCA,15.9333,17.2833,15.8,16.9167,16.85,16.1,False,America/New_York,America/New_York
2189,2014-04-02,LGA,DCA,16.9333,18.2667,16.75,17.8667,17.8167,17.05,False,America/New_York,America/New_York
2191,2014-04-02,LGA,DCA,17.9333,19.25,17.8333,19.15,19.0833,18.3167,False,America/New_York,America/New_York
2193,2014-04-02,LGA,DCA,18.9333,20.2167,18.8333,20.0167,19.9833,19.2667,False,America/New_York,America/New_York
2195,2014-04-02,LGA,DCA,19.9333,21.2667,19.7333,21,20.9333,20.1167,False,America/New_York,America/New_York
2197,2014-04-02,LGA,DCA,20.9333,22.1833,20.8333,21.8833,21.8167,21.0833,False,America/New_York,America/New_York
1909,2014-04-02,LGA,PHL,5.93333,6.9,5.81667,6.63333,6.5,6.03333,False,America/New_York,America/New_York
1775,2014-04-02,LGA,PHL,15.5167,16.85,15.45,17.2667,17.2167,16.6,False,America/New_York,America/New_York
3853,2014-04-02,LGA,CLE,5.93333,7.68333,5.88333,7.56667,7.43333,6.16667,False,America/New_York,America/New_York
4973,2014-04-02,LGA,CLE,6.93333,8.8,23.9333,23.9333,23.9333,23.9333,True,America/New_York,America/New_York
4554,2014-04-02,LGA,CLE,8.5,10.45,8.31667,10.2833,10.1833,8.83333,False,America/New_York,America/New_York
4159,2014-04-02,LGA,CLE,9.7,11.5333,9.55,11.25,11.1833,9.88333,False,America/New_York,America/New_York
4898,2014-04-02,LGA,CLE,11.9333,13.9,11.85,13.75,13.6833,12.4,False,America/New_York,America/New_York
4319,2014-04-02,LGA,CLE,13.1833,14.9167,13.2167,14.9,14.8333,13.5833,False,America/New_York,America/New_York
5976,2014-04-02,LGA,CLE,14.4167,16.25,14.3167,16,15.9333,14.6333,False,America/New_York,America/New_York
4895,2014-04-02,LGA,CLE,16.9333,18.8667,16.9333,18.7667,18.5833,17.3667,False,America/New_York,America/New_York
4317,2014-04-02,LGA,CLE,17.8167,19.75,17.8167,19.5167,19.4167,18.1667,False,America/New_York,America/New_York
4199,2014-04-02,LGA,CLE,20.4167,22.2,20.2833,21.8667,21.8167,20.55,False,America/New_York,America/New_York
5747,2014-04-02,LGA,IAD,5.93333,7.18333,6.98333,8.41667,8.25,7.35,False,America/New_York,America/New_York
5736,2014-04-02,LGA,IAD,9.93333,11.55,9.85,11.1833,11.0833,10.2333,False,America/New_York,America/New_York
4405,2014-04-02,LGA,IAD,14.5667,15.8667,14.4833,15.7,15.6167,14.7333,False,America/New_York,America/New_York
5816,2014-04-02,LGA,IAD,16.7333,18.05,16.6167,18.0667,17.8167,16.9667,False,America/New_York,America/New_York
5769,2014-04-02,LGA,IAD,19.4333,20.8333,19.3333,20.75,20.6667,19.8,False,America/New_York,America/New_York
1919,2014-04-02,LGA,MSP,6.01667,8.96667,5.88333,9.05,8.05,6.28333,False,America/New_York,America/Chicago
2119,2014-04-02,LGA,MSP,8.43333,11.5667,8.36667,11.45,10.4833,8.68333,False,America/New_York,America/Chicago
2319,2014-04-02,LGA,MSP,10.2,13.3333,10.1,13.3167,12.2833,10.4833,False,America/New_York,America/Chicago
2219,2014-04-02,LGA,MSP,11.2667,14.3833,11.2333,14.4667,13.4667,11.6,False,America/New_York,America/Chicago
1819,2014-04-02,LGA,MSP,14.5833,17.6,14.75,17.8167,16.7833,15.0167,False,America/New_York,America/Chicago
1619,2014-04-02,LGA,MSP,16.0167,19.2,15.9167,19.6333,18.5833,16.55,False,America/New_York,America/Chicago
2019,2014-04-02,LGA,MSP,18.1,21.2333,18.2833,21.4167,20.3667,18.6667,False,America/New_York,America/Chicago
396,2014-04-02,LGA,MDW,6.35,8.68333,6.35,8.7,7.68333,6.63333,False,America/New_York,America/Chicago
105,2014-04-02,LGA,MDW,9.68333,12.1,9.56667,11.9,10.95,9.85,False,America/New_York,America/Chicago
104,2014-04-02,LGA,MDW,11.85,14.1833,11.7333,14.1,13.1333,11.9667,False,America/New_York,America/Chicago
1,2014-04-02,LGA,MDW,13.4333,15.7667,13.5,15.7833,14.8333,13.8167,False,America/New_York,America/Chicago
4472,2014-04-02,LGA,MDW,16.6,19.0167,17.0333,19.45,18.4167,17.4,False,America/New_York,America/Chicago
241,2014-04-02,LGA,MDW,20.85,23.2667,20.7167,22.9833,21.9833,20.9167,False,America/New_York,America/Chicago
1099,2014-04-02,LGA,MCO,6.43333,9,6.31667,8.81667,8.68333,6.61667,False,America/New_York,America/New_York
2285,2014-04-02,LGA,MCO,6.93333,9.81667,6.81667,9.35,9.28333,7.15,False,America/New_York,America/New_York
1885,2014-04-02,LGA,MCO,9.1,12.1333,9.03333,12.0167,11.8333,9.65,False,America/New_York,America/New_York
199,2014-04-02,LGA,MCO,9.43333,12.3333,9.48333,12.0167,11.9167,9.86667,False,America/New_York,America/New_York
1788,2014-04-02,LGA,MCO,11.4333,14.4833,11.3833,14.0333,13.95,11.7333,False,America/New_York,America/New_York
1685,2014-04-02,LGA,MCO,14.7833,17.7,14.6333,17.3667,17.2333,15.0333,False,America/New_York,America/New_York
2181,2014-04-02,LGA,MCO,16.7667,19.7667,16.75,19.2667,19.1833,17.0167,False,America/New_York,America/New_York
299,2014-04-02,LGA,MCO,17.9167,20.75,17.7667,20.5833,20.4833,18.3333,False,America/New_York,America/New_York
1585,2014-04-02,LGA,MCO,18.4167,21.35,18.3167,21.15,21.0333,18.8,False,America/New_York,America/New_York
1485,2014-04-02,LGA,MCO,19.9333,22.8833,19.85,22.6167,22.5333,20.3833,False,America/New_York,America/New_York
499,2014-04-02,LGA,MCO,20.9333,23.5667,21.0167,23.6,23.4,21.3,False,America/New_York,America/New_York
2085,2014-04-02,LGA,CLT,6.43333,8.66667,7.01667,8.68333,8.61667,7.23333,False,America/New_York,America/New_York
1735,2014-04-02,LGA,CLT,7.91667,9.96667,7.8,9.75,9.6,8.15,False,America/New_York,America/New_York
2071,2014-04-02,LGA,CLT,8.6,10.8,8.46667,10.3333,10.25,8.8,False,America/New_York,America/New_York
5405,2014-04-02,LGA,CLT,8.68333,11,8.56667,10.5167,10.4333,8.95,False,America/New_York,America/New_York
1869,2014-04-02,LGA,CLT,9.91667,12.15,9.88333,11.95,11.7,10.25,False,America/New_York,America/New_York
1752,2014-04-02,LGA,CLT,11.4333,13.5,11.3167,13.35,13.1167,11.6833,False,America/New_York,America/New_York
1843,2014-04-02,LGA,CLT,12.85,14.9333,12.7833,14.6333,14.4667,13.05,False,America/New_York,America/New_York
1779,2014-04-02,LGA,CLT,14.7667,16.8,14.7,16.7667,16.6667,15.2333,False,America/New_York,America/New_York
765,2014-04-02,LGA,CLT,15.6333,17.7667,15.55,17.35,17.3,15.9167,False,America/New_York,America/New_York
894,2014-04-02,LGA,CLT,17.0167,19.15,16.95,18.95,18.7833,17.3333,False,America/New_York,America/New_York
2039,2014-04-02,LGA,CLT,18.85,20.9167,18.7167,20.6833,20.55,19.15,False,America/New_York,America/New_York
442,2014-04-02,LGA,MKE,6.43333,8.76667,6.31667,8.68333,7.71667,6.68333,False,America/New_York,America/Chicago
239,2014-04-02,LGA,MKE,9.85,12.1833,9.73333,12.4,11.4333,10.3,False,America/New_York,America/Chicago
237,2014-04-02,LGA,MKE,12.7667,15.0167,12.95,15.4667,14.4833,13.3,False,America/New_York,America/Chicago
224,2014-04-02,LGA,MKE,19.2667,21.6,19.1667,21.7333,20.75,19.6167,False,America/New_York,America/Chicago
3547,2014-04-02,LGA,XNA,6.68333,9.93333,6.55,9.71667,8.75,6.83333,False,America/New_York,America/Chicago
3553,2014-04-02,LGA,XNA,15.0167,18.35,14.9333,18.4167,17.3,15.4833,False,America/New_York,America/Chicago
343,2014-04-02,LGA,DEN,6.68333,11.1667,6.51667,11.3167,9.08333,6.71667,False,America/New_York,America/Denver
561,2014-04-02,LGA,DEN,7.91667,12.4167,7.88333,12.4333,10.2667,8.15,False,America/New_York,America/Denver
914,2014-04-02,LGA,DEN,8.18333,12.9167,8.08333,12.8667,10.6,8.41667,False,America/New_York,America/Denver
405,2014-04-02,LGA,DEN,10.95,15.5,11.1167,15.7333,13.5167,11.4833,False,America/New_York,America/Denver
970,2014-04-02,LGA,DEN,11.0167,15.5,10.9667,15.85,13.7167,11.2333,False,America/New_York,America/Denver
745,2014-04-02,LGA,DEN,14.9833,19.5333,14.9,19.5833,17.4,15.3667,False,America/New_York,America/Denver
2606,2014-04-02,LGA,DEN,16.5167,21.25,16.5,21.5167,18.9333,16.7333,False,America/New_York,America/Denver
1654,2014-04-02,LGA,DEN,17.0833,21.5,17.05,21.65,19.45,17.4167,False,America/New_York,America/Denver
884,2014-04-02,LGA,DEN,17.1833,21.9333,17.05,21.8167,19.65,17.45,False,America/New_York,America/Denver
507,2014-04-02,LGA,DEN,17.6,22.0833,21.0167,25.3,23.1167,21.2333,False,America/New_York,America/Denver
3531,2014-04-02,LGA,RDU,6.93333,8.43333,6.8,8.46667,8.4,7.21667,False,America/New_York,America/New_York
3404,2014-04-02,LGA,RDU,9.1,10.9333,8.96667,10.5,10.4667,9.4,False,America/New_York,America/New_York
3591,2014-04-02,LGA,RDU,11.9333,13.6833,11.8,13.3333,13.2833,12.1667,False,America/New_York,America/New_York
3305,2014-04-02,LGA,RDU,13.4167,15,13.2833,14.75,14.7,13.6,False,America/New_York,America/New_York
4953,2014-04-02,LGA,RDU,14.4167,16.2667,14.25,15.75,15.6833,14.5167,False,America/New_York,America/New_York
3416,2014-04-02,LGA,RDU,14.9333,16.5167,14.9333,16.65,16.6167,15.5167,False,America/New_York,America/New_York
3301,2014-04-02,LGA,RDU,16.5167,18.2667,16.3833,18.2,18.05,16.9167,False,America/New_York,America/New_York
3501,2014-04-02,LGA,RDU,18.2667,19.9333,18.25,19.9,19.8333,18.7167,False,America/New_York,America/New_York
3257,2014-04-02,LGA,RDU,21.35,22.85,21.2167,22.5167,22.4833,21.4167,False,America/New_York,America/New_York
514,2014-04-02,LGA,STL,7.18333,9.76667,7.1,9.85,8.88333,7.38333,False,America/New_York,America/Chicago
2809,2014-04-02,LGA,STL,8.43333,11.0167,8.45,11.2333,10.2667,8.93333,False,America/New_York,America/Chicago
2919,2014-04-02,LGA,STL,10.35,12.85,10.3167,13.95,12.1667,10.6167,False,America/New_York,America/Chicago
2876,2014-04-02,LGA,STL,12.6833,15.1,12.65,16.1,14.4667,12.9167,False,America/New_York,America/Chicago
468,2014-04-02,LGA,STL,12.85,15.6833,12.8167,15.85,14.8,13.2,False,America/New_York,America/Chicago
3029,2014-04-02,LGA,STL,14.7667,17.35,14.5667,17.7667,16.35,14.8,False,America/New_York,America/Chicago
3083,2014-04-02,LGA,STL,17.4333,20.0167,17.3667,20.4,19.4,18,False,America/New_York,America/Chicago
148,2014-04-02,LGA,STL,18.1,20.9333,18.15,20.85,19.8833,18.5,False,America/New_York,America/Chicago
2839,2014-04-02,LGA,STL,19.4333,22.0167,19.2667,21.85,20.8667,19.5667,False,America/New_York,America/Chicago
461,2014-04-02,LGA,PBI,7.41667,10.2667,7.83333,10.4833,10.45,8.23333,False,America/New_York,America/New_York
29,2014-04-02,LGA,PBI,7.43333,10.4333,7.33333,9.83333,9.78333,7.48333,False,America/New_York,America/New_York
2395,2014-04-02,LGA,PBI,8.01667,11.0167,7.96667,10.7333,10.6667,8.35,False,America/New_York,America/New_York
1174,2014-04-02,LGA,PBI,10.1833,13.4167,10.15,12.95,12.8833,10.5,False,America/New_York,America/New_York
1902,2014-04-02,LGA,PBI,13.5167,16.6,13.4,16.1833,16.1167,13.7833,False,America/New_York,America/New_York
561,2014-04-02,LGA,PBI,14.1833,17.05,14.0333,16.7167,16.6833,14.3167,False,America/New_York,America/New_York
1327,2014-04-02,LGA,PBI,15.1,18.35,14.9333,18.1667,17.9667,15.6167,False,America/New_York,America/New_York
2357,2014-04-02,LGA,PBI,15.35,18.5833,15.2333,18.3167,18.2333,15.8833,False,America/New_York,America/New_York
1161,2014-04-02,LGA,PBI,16.4167,19.4333,16.3,18.95,18.9167,16.6167,False,America/New_York,America/New_York
2370,2014-04-02,LGA,PBI,19.0167,22.1,18.9667,21.8,21.7167,19.4167,False,America/New_York,America/New_York
3676,2014-04-02,LGA,HOU,7.43333,11.35,7.35,11.1167,10.0833,7.6,False,America/New_York,America/Chicago
3149,2014-04-02,LGA,HOU,15.85,19.9333,16.55,20.3,19.2667,16.8167,False,America/New_York,America/Chicago
1717,2014-04-02,LGA,TPA,7.6,10.3667,7.43333,10.0833,10.0333,7.65,False,America/New_York,America/New_York
1109,2014-04-02,LGA,TPA,8.01667,11.0167,7.98333,10.7,10.65,8.31667,False,America/New_York,America/New_York
1875,2014-04-02,LGA,TPA,10.9333,14.15,11.0667,13.9333,13.8667,11.4667,False,America/New_York,America/New_York
1117,2014-04-02,LGA,TPA,15.9333,18.8667,15.9167,18.8333,18.75,16.3,False,America/New_York,America/New_York
1935,2014-04-02,LGA,TPA,15.9333,19.05,15.9167,18.65,18.6,16.2333,False,America/New_York,America/New_York
2498,2014-04-02,LGA,TPA,17.9167,20.9833,17.8667,20.7,20.65,18.2167,False,America/New_York,America/New_York
1435,2014-04-02,LGA,TPA,20.0167,23.0833,20.0167,22.85,22.8,20.4667,False,America/New_York,America/New_York
5285,2014-04-02,LGA,RIC,7.76667,9.35,7.73333,9.08333,8.95,8.01667,False,America/New_York,America/New_York
3644,2014-04-02,LGA,RIC,8.1,9.43333,7.78333,8.93333,8.86667,7.93333,False,America/New_York,America/New_York
5591,2014-04-02,LGA,RIC,9.85,11.65,9.78333,10.9833,10.9167,10.05,False,America/New_York,America/New_York
3012,2014-04-02,LGA,RIC,13.1,14.4333,12.9833,14.3167,14.25,13.3333,False,America/New_York,America/New_York
5134,2014-04-02,LGA,RIC,16.4,18.1,16.3167,17.9,17.6833,16.7833,False,America/New_York,America/New_York
3008,2014-04-02,LGA,RIC,16.9333,18.35,16.7667,18.1833,18.1167,17.1167,False,America/New_York,America/New_York
5048,2014-04-02,LGA,RIC,19.9167,21.6167,19.75,21.1333,21.0667,20.1667,False,America/New_York,America/New_York
3011,2014-04-02,LGA,RIC,20.6,21.9333,20.45,21.5333,21.4833,20.6333,False,America/New_York,America/New_York
3565,2014-04-02,LGA,GSO,7.85,9.51667,7.7,9.21667,9.06667,7.83333,False,America/New_York,America/New_York
4949,2014-04-02,LGA,GSO,14.6833,16.5667,14.6667,16.3,16.2,14.9667,False,America/New_York,America/New_York
3199,2014-04-02,LGA,GSO,14.9333,16.6,14.8333,16.35,16.3167,15.1,False,America/New_York,America/New_York
3384,2014-04-02,LGA,GSO,19.35,21.0167,19.1333,20.7167,20.65,19.4833,False,America/New_York,America/New_York
2104,2014-04-02,LGA,RSW,8.01667,11.3,7.78333,10.9167,10.8167,8.13333,False,America/New_York,America/New_York
1337,2014-04-02,LGA,RSW,12.9333,16.2333,12.8333,15.9833,15.9,13.2667,False,America/New_York,America/New_York
1639,2014-04-02,LGA,RSW,13.3167,16.35,13.1667,16.0667,16,13.5333,False,America/New_York,America/New_York
3433,2014-04-02,LGA,BNA,8.01667,10.35,7.91667,10.35,9.36667,8.38333,False,America/New_York,America/Chicago
4979,2014-04-02,LGA,BNA,8.16667,10.85,8.05,10.3833,9.4,8.48333,False,America/New_York,America/Chicago
3297,2014-04-02,LGA,BNA,11.7667,14.1833,11.7333,14,13,12.0333,False,America/New_York,America/Chicago
3461,2014-04-02,LGA,BNA,12.0167,14.35,11.95,14.2667,13.25,12.35,False,America/New_York,America/Chicago
4928,2014-04-02,LGA,BNA,13.6833,16.1833,13.6667,15.9667,14.9667,14.0333,False,America/New_York,America/Chicago
3734,2014-04-02,LGA,BNA,16.1833,18.5167,16.0667,18.25,17.2667,16.45,False,America/New_York,America/Chicago
549,2014-04-02,LGA,BNA,17.2667,19.6833,17.2333,19.5333,18.5,17.5333,False,America/New_York,America/Chicago
3486,2014-04-02,LGA,BNA,18.2667,20.6833,18.05,20.35,19.35,18.5167,False,America/New_York,America/Chicago
5274,2014-04-02,LGA,BNA,19.6,22.2833,21.9167,24.0833,23.0833,22.2,False,America/New_York,America/Chicago
3660,2014-04-02,LGA,BNA,20.1833,22.5167,20.0667,22.3667,21.3333,20.5,False,America/New_York,America/Chicago
2457,2014-04-02,LGA,MSY,8.1,11.3667,8,11.1833,10.2,8.43333,False,America/New_York,America/Chicago
1705,2014-04-02,LGA,MSY,15.5167,18.9833,15.45,18.5667,17.5667,15.85,False,America/New_York,America/Chicago
1715,2014-04-02,LGA,MSY,18.2667,21.6833,18.5333,21.7333,20.7333,18.9667,False,America/New_York,America/Chicago
4908,2014-04-02,LGA,MCI,8.1,11.35,8.01667,11.3833,10.3333,8.33333,False,America/New_York,America/Chicago
4989,2014-04-02,LGA,MCI,14.9333,18.3833,14.9333,18.5167,17.5333,15.35,False,America/New_York,America/Chicago
4977,2014-04-02,LGA,MCI,19.4167,22.7833,21.6833,24.75,23.7167,21.85,False,America/New_York,America/Chicago
3419,2014-04-02,LGA,DAY,8.51667,10.5167,8.38333,10.5833,10.45,8.76667,False,America/New_York,America/New_York
3796,2014-04-02,LGA,DAY,14.4167,16.3333,14.25,16.1167,16,14.4,False,America/New_York,America/New_York
3473,2014-04-02,LGA,DAY,21.35,23.2667,21.15,23.15,23.0167,21.4,False,America/New_York,America/New_York
3407,2014-04-02,LGA,CMH,8.6,10.5167,8.55,10.4667,10.3833,8.88333,False,America/New_York,America/New_York
3281,2014-04-02,LGA,CMH,11.9333,13.7667,11.8667,13.6833,13.65,12.25,False,America/New_York,America/New_York
2995,2014-04-02,LGA,CMH,15.0167,16.85,14.95,16.8833,16.8,15.4,False,America/New_York,America/New_York
4951,2014-04-02,LGA,CMH,16.1,18.1833,16.0833,18.0333,18,16.65,False,America/New_York,America/New_York
3526,2014-04-02,LGA,CMH,17.4333,19.2667,18.5333,20.45,20.3667,18.9333,False,America/New_York,America/New_York
3573,2014-04-02,LGA,CMH,20.1,22.0167,19.8833,21.7833,21.7333,20.3167,False,America/New_York,America/New_York
3599,2014-04-02,LGA,SDF,8.68333,11.8,8.56667,11.8333,10.8833,8.98333,False,America/New_York,America/Kentucky/Louisville
3588,2014-04-02,LGA,SDF,15.6,18.7167,15.4,18.5167,17.6167,15.7833,False,America/New_York,America/Kentucky/Louisville
3616,2014-04-02,LGA,SDF,18.4333,21.4667,18.3,21.6333,20.6333,18.7667,False,America/New_York,America/Kentucky/Louisville
5203,2014-04-02,LGA,IND,8.68333,11.9833,8.68333,11.8167,10.8833,9.06667,False,America/New_York,America/Indiana/Indianapolis
5109,2014-04-02,LGA,CHS,8.93333,11.5333,8.83333,11.0167,10.9,9.25,False,America/New_York,America/New_York
5209,2014-04-02,LGA,CHS,20.6833,22.7833,20.6667,22.5667,22.4833,20.95,False,America/New_York,America/New_York
3550,2014-04-02,LGA,ORF,9.1,10.6,8.88333,10.1667,10.1167,9.26667,False,America/New_York,America/New_York
5293,2014-04-02,LGA,ORF,14.35,15.75,14.2167,15.4,15.3667,14.45,False,America/New_York,America/New_York
3670,2014-04-02,LGA,ORF,16.1,17.6833,15.9333,17.2833,17.25,16.4167,False,America/New_York,America/New_York
3027,2014-04-02,LGA,ORF,19.4333,20.9333,19.2833,20.6333,20.4833,19.5833,False,America/New_York,America/New_York
5010,2014-04-02,LGA,ORF,20.6833,22.2333,20.5833,21.7667,21.7167,20.9167,False,America/New_York,America/New_York
5231,2014-04-02,LGA,BUF,9.56667,11.3,10.6333,11.8,11.7333,10.8833,False,America/New_York,America/New_York
5423,2014-04-02,LGA,BUF,11.6833,13.4,11.5667,12.9833,12.9167,11.9833,False,America/New_York,America/New_York
4968,2014-04-02,LGA,CAE,9.68333,12.05,9.6,11.7833,11.7167,10.15,False,America/New_York,America/New_York
4894,2014-04-02,LGA,CAE,19.9167,22.25,19.8333,21.7667,21.7,20.2333,False,America/New_York,America/New_York
5430,2014-04-02,LGA,BGR,9.68333,11.45,9.63333,10.9667,10.9,10,False,America/New_York,America/New_York
5311,2014-04-02,LGA,BGR,21.9167,23.35,21.8,22.8833,22.85,22,False,America/New_York,America/New_York
291,2014-04-02,LGA,CAK,9.85,11.4,9.8,11.5333,11.4167,10.1333,False,America/New_York,America/New_York
303,2014-04-02,LGA,CAK,20.4333,21.9833,20.2167,21.7333,21.65,20.4833,False,America/New_York,America/New_York
4897,2014-04-02,LGA,GRR,10.6833,13.6,10.8833,13.6,12.95,11.3,False,America/New_York,America/Detroit
5015,2014-04-02,LGA,GRR,21.1833,23.9,21.1,23.6333,22.95,21.3167,False,America/New_York,America/Detroit
1903,2014-04-02,LGA,SRQ,10.85,14.05,10.75,13.6167,13.55,11.0333,False,America/New_York,America/New_York
431,2014-04-02,LGA,SRQ,13.5167,16.4667,14.2833,17.2333,17.1833,14.5667,False,America/New_York,America/New_York
2789,2014-04-02,LGA,ILM,10.9333,12.7667,10.8833,12.7833,12.7,11.4333,False,America/New_York,America/New_York
5273,2014-04-02,LGA,PIT,11.0167,12.6667,10.9167,12.5167,12.3167,11.3,False,America/New_York,America/New_York
5037,2014-04-02,LGA,PIT,14.6,16.1333,14.4,15.75,15.6833,14.6167,False,America/New_York,America/New_York
2767,2014-04-02,LGA,CHO,12.1833,13.6833,12.1,13.45,13.4333,12.45,False,America/New_York,America/New_York
4997,2014-04-02,LGA,CHO,19.9333,21.6167,20.8333,22.15,22.1,21.2,False,America/New_York,America/New_York
3340,2014-04-02,LGA,TYS,13.35,15.35,13.3,15.4,15.3667,13.6667,False,America/New_York,America/New_York
5325,2014-04-02,LGA,ROC,14.9,16.4333,14.7833,16.1167,16.0333,15.1833,False,America/New_York,America/New_York
4913,2014-04-02,LGA,ROC,19.6833,21.2167,19.6,20.9,20.8167,19.9667,False,America/New_York,America/New_York
2771,2014-04-02,LGA,ROA,16.2667,18.0167,16.0833,17.7167,17.6667,16.5667,False,America/New_York,America/New_York
3349,2014-04-02,LGA,LIT,18.7667,21.4333,18.6167,21.7167,20.6833,19.0167,False,America/New_York,America/Chicago
5038,2014-04-02,LGA,BHM,20.7667,23.3833,23.8167,26.0833,1.1,0.0666667,False,America/New_York,America/Chicago
1314,2014-04-02,LGA,PWM,21.85,23,21.8667,22.9167,22.8333,22.15,False,America/New_York,America/New_York
