flight_number,date,origin_airport,destination_airport,scheduled_departure_time,scheduled_arrival_time,actual_departure_time,actual_arrival_time,wheels_on_time,wheels_off_time,cancelled,origin_time_zone,destination_time_zone
502,2014-09-04,DEN,LGA,2.5,6.13333,3.48333,7.01667,8.88333,3.68333,False,America/Denver,America/New_York
928,2014-09-04,DEN,LGA,10,13.6667,10,13.5833,15.5667,10.3167,False,America/Denver,America/New_York
347,2014-09-04,DEN,LGA,10.3333,14.0333,10.2167,13.8167,15.8167,10.5167,False,America/Denver,America/New_York
506,2014-09-04,DEN,LGA,12.0167,15.6833,11.8833,15.6833,17.5333,12.1167,False,America/Denver,America/New_York
303,2014-09-04,DEN,LGA,12.3333,16.0167,12.2833,16.0167,17.9,12.4333,False,America/Denver,America/New_York
183,2014-09-04,DEN,LGA,13.1667,16.85,13.1333,16.6333,18.6,13.25,False,America/Denver,America/New_York
754,2014-09-04,DEN,LGA,17.1667,20.7833,17.05,20.5333,22.45,17.2333,False,America/Denver,America/New_York
1794,2014-09-04,DEN,LGA,17.9167,21.5667,17.95,21.4167,23.3833,18.1667,False,America/Denver,America/New_York
2081,2014-09-04,DEN,LGA,18,21.6833,18.0167,21.5333,23.4833,18.2,False,America/Denver,America/New_York
671,2014-09-04,DEN,LGA,18.2333,21.9333,18.1667,21.7167,23.7,18.35,False,America/Denver,America/New_York
1733,2014-09-04,ORD,LGA,6.85,9.06667,7.15,9.1,9.9,7.33333,False,America/Chicago,America/New_York
398,2014-09-04,ORD,LGA,6.85,8.91667,6.9,8.85,9.71667,7.15,False,America/Chicago,America/New_York
394,2014-09-04,ORD,LGA,7.51667,9.6,7.48333,9.51667,10.3167,7.71667,False,America/Chicago,America/New_York
392,2014-09-04,ORD,LGA,8.35,10.6,8.21667,10.1167,10.9833,8.4,False,America/Chicago,America/New_York
1746,2014-09-04,ORD,LGA,9.01667,11.2333,8.95,11.2833,12.1167,9.28333,False,America/Chicago,America/New_York
388,2014-09-04,ORD,LGA,9.35,11.4167,10.4667,12.5,13.2667,10.6833,False,America/Chicago,America/New_York
674,2014-09-04,ORD,LGA,9.98333,12.2,9.93333,12.0333,12.8667,10.2667,False,America/Chicago,America/New_York
384,2014-09-04,ORD,LGA,10.2667,12.35,10.2,12.2,13.0167,10.4167,False,America/Chicago,America/New_York
6303,2014-09-04,ORD,LGA,10.8667,13.0667,14.5167,16.6333,17.4667,14.8,False,America/Chicago,America/New_York
380,2014-09-04,ORD,LGA,11.5167,13.6,14.2833,16.3667,17.2,14.55,False,America/Chicago,America/New_York
412,2014-09-04,ORD,LGA,11.85,14.0833,11.95,14.5,15.2,12.5,False,America/Chicago,America/New_York
374,2014-09-04,ORD,LGA,13.2667,15.4167,14.1,16.15,17.0167,14.4167,False,America/Chicago,America/New_York
682,2014-09-04,ORD,LGA,13.85,16.0833,13.9167,16.05,16.9,14.2667,False,America/Chicago,America/New_York
368,2014-09-04,ORD,LGA,14.1833,16.35,24.85,47.9333,24.85,24.85,True,America/Chicago,America/New_York
366,2014-09-04,ORD,LGA,15.0167,17.1833,15.9167,18.3667,19.2167,16.4833,False,America/Chicago,America/New_York
364,2014-09-04,ORD,LGA,15.7667,17.9167,16.1667,18.45,19.3167,16.6333,False,America/Chicago,America/New_York
686,2014-09-04,ORD,LGA,15.85,18.0833,16.0167,18.2667,19.1167,16.4333,False,America/Chicago,America/New_York
360,2014-09-04,ORD,LGA,16.5167,18.85,16.8167,19.2667,20.1167,17.3667,False,America/Chicago,America/New_York
684,2014-09-04,ORD,LGA,16.85,19.0833,16.85,19.3167,20.1667,17.4167,False,America/Chicago,America/New_York
358,2014-09-04,ORD,LGA,17.1,19.4167,17.4333,19.6833,20.55,17.85,False,America/Chicago,America/New_York
354,2014-09-04,ORD,LGA,17.7667,20.1,18.5167,20.4833,21.3333,18.7,False,America/Chicago,America/New_York
1536,2014-09-04,ORD,LGA,17.85,20.2,17.9833,20.2667,21.0833,18.3667,False,America/Chicago,America/New_York
350,2014-09-04,ORD,LGA,18.4333,20.6833,19.3,21.5833,22.4,19.6667,False,America/Chicago,America/New_York
1203,2014-09-04,ORD,LGA,18.9333,21.25,19.0167,21.1167,21.95,19.2667,False,America/Chicago,America/New_York
352,2014-09-04,ORD,LGA,19.1833,21.4167,20.2167,22.3,23.15,20.5,False,America/Chicago,America/New_York
346,2014-09-04,ORD,LGA,19.6833,21.9167,21.2667,23.3333,24.1667,21.5167,False,America/Chicago,America/New_York
340,2014-09-04,ORD,LGA,21.0167,23.1,21.0167,23.1333,23.9667,21.2667,False,America/Chicago,America/New_York
698,2014-09-04,ORD,LGA,21.15,23.4,21.1667,23.25,24.1167,21.4833,False,America/Chicago,America/New_York
2133,2014-09-04,BOS,LGA,5.93333,7.16667,5.83333,6.93333,6.75,6.08333,False,America/New_York,America/New_York
2135,2014-09-04,BOS,LGA,6.68333,7.91667,6.55,8.3,8.16667,7.38333,False,America/New_York,America/New_York
2137,2014-09-04,BOS,LGA,6.93333,8.23333,6.8,8,7.88333,7.21667,False,America/New_York,America/New_York
2139,2014-09-04,BOS,LGA,7.93333,9.21667,7.81667,9,8.78333,8.08333,False,America/New_York,America/New_York
2141,2014-09-04,BOS,LGA,8.93333,10.1833,8.76667,9.81667,9.71667,9.06667,False,America/New_York,America/New_York
2143,2014-09-04,BOS,LGA,9.93333,11.2333,9.83333,11.0667,10.8333,10.1167,False,America/New_York,America/New_York
2145,2014-09-04,BOS,LGA,10.9333,12.1667,10.7833,11.9333,11.7167,11,False,America/New_York,America/New_York
2147,2014-09-04,BOS,LGA,11.9333,13.1667,11.8,12.75,12.6667,11.95,False,America/New_York,America/New_York
2149,2014-09-04,BOS,LGA,12.9333,14.2833,12.7833,13.7833,13.6833,13,False,America/New_York,America/New_York
2151,2014-09-04,BOS,LGA,13.9333,15.3167,13.8333,14.9333,14.6833,14,False,America/New_York,America/New_York
2153,2014-09-04,BOS,LGA,14.9333,16.25,14.8167,16,15.8167,15.0667,False,America/New_York,America/New_York
2155,2014-09-04,BOS,LGA,15.9333,17.2333,15.8167,16.9833,16.7167,16.0667,False,America/New_York,America/New_York
2157,2014-09-04,BOS,LGA,16.9333,18.25,16.8667,18.0667,17.9167,17.15,False,America/New_York,America/New_York
2159,2014-09-04,BOS,LGA,17.9333,19.2833,17.9333,19.3,19.15,18.45,False,America/New_York,America/New_York
2161,2014-09-04,BOS,LGA,18.9333,20.3,18.8,20,19.8,19.1167,False,America/New_York,America/New_York
2163,2014-09-04,BOS,LGA,19.9333,21.3333,19.8,21.0333,20.95,20.2333,False,America/New_York,America/New_York
2166,2014-09-04,DCA,LGA,5.93333,7.03333,5.81667,6.71667,6.6,5.98333,False,America/New_York,America/New_York
2168,2014-09-04,DCA,LGA,6.93333,8.18333,6.8,7.88333,7.76667,7.1,False,America/New_York,America/New_York
2170,2014-09-04,DCA,LGA,7.93333,9.18333,7.85,8.98333,8.76667,8.1,False,America/New_York,America/New_York
2172,2014-09-04,DCA,LGA,8.93333,10.3667,8.86667,10.1667,10.0833,9.36667,False,America/New_York,America/New_York
2174,2014-09-04,DCA,LGA,9.93333,11.3167,9.85,11.05,10.75,10.15,False,America/New_York,America/New_York
2176,2014-09-04,DCA,LGA,10.9333,12.1833,10.85,11.95,11.75,11.1333,False,America/New_York,America/New_York
2178,2014-09-04,DCA,LGA,11.9333,13.1667,11.8667,13.05,12.9333,12.2833,False,America/New_York,America/New_York
2180,2014-09-04,DCA,LGA,12.9333,14.35,12.85,13.9667,13.85,13.1333,False,America/New_York,America/New_York
2182,2014-09-04,DCA,LGA,13.9333,15.35,13.8,15.0667,14.7833,14.0833,False,America/New_York,America/New_York
2184,2014-09-04,DCA,LGA,14.9333,16.2833,15.2667,16.55,16.45,15.7667,False,America/New_York,America/New_York
2186,2014-09-04,DCA,LGA,15.9333,17.3,15.85,16.9167,16.8167,16.1167,False,America/New_York,America/New_York
2188,2014-09-04,DCA,LGA,16.9333,18.35,16.8833,18.1167,18.0167,17.3,False,America/New_York,America/New_York
2190,2014-09-04,DCA,LGA,17.9333,19.3333,17.9167,19.0667,18.9833,18.2667,False,America/New_York,America/New_York
2192,2014-09-04,DCA,LGA,18.9333,20.3333,18.8667,20.3167,20.2333,19.5167,False,America/New_York,America/New_York
2194,2014-09-04,DCA,LGA,19.9333,21.4333,19.9,21.55,21.4333,20.7833,False,America/New_York,America/New_York
2196,2014-09-04,DCA,LGA,21.9333,22.9667,22.0833,23.0833,23.0167,22.3,False,America/New_York,America/New_York
1945,2014-09-04,MDW,LGA,6.85,8.93333,6.8,8.9,9.56667,6.98333,False,America/Chicago,America/New_York
4788,2014-09-04,MDW,LGA,8.43333,10.6,8.33333,10.3833,11.2333,8.65,False,America/Chicago,America/New_York
322,2014-09-04,MDW,LGA,10.1,12.2667,10.2167,13.0667,13.9,11.2667,False,America/Chicago,America/New_York
321,2014-09-04,MDW,LGA,13.85,16.0167,13.8333,15.8167,16.6167,13.9833,False,America/Chicago,America/New_York
677,2014-09-04,MDW,LGA,15.1,17.35,16.4,18.5333,19.25,16.6333,False,America/Chicago,America/New_York
597,2014-09-04,MDW,LGA,17.6,19.7667,17.5667,19.8167,20.4167,17.7,False,America/Chicago,America/New_York
349,2014-09-04,MDW,LGA,19.1,21.2667,19.3333,21.4167,22.1167,19.5,False,America/Chicago,America/New_York
790,2014-09-04,MDW,LGA,20.85,22.9333,22.0667,23.9833,24.8333,22.2833,False,America/Chicago,America/New_York
1100,2014-09-04,DFW,LGA,6.85,10.1833,6.8,9.98333,10.8333,7.01667,False,America/Chicago,America/New_York
1104,2014-09-04,DFW,LGA,7.68333,11.1,7.61667,10.8667,11.7333,7.86667,False,America/Chicago,America/New_York
1108,2014-09-04,DFW,LGA,8.51667,11.9333,8.48333,11.9667,12.7167,8.83333,False,America/Chicago,America/New_York
1110,2014-09-04,DFW,LGA,9.1,12.6,9.98333,13.1833,14.05,10.1667,False,America/Chicago,America/New_York
1114,2014-09-04,DFW,LGA,10.6,14.1,10.5833,13.7833,14.6333,10.7333,False,America/Chicago,America/New_York
1120,2014-09-04,DFW,LGA,11.5167,14.9167,11.4333,14.8,15.65,11.6333,False,America/Chicago,America/New_York
1138,2014-09-04,DFW,LGA,12.2667,15.6833,12.3333,15.6833,16.5333,12.5167,False,America/Chicago,America/New_York
1140,2014-09-04,DFW,LGA,12.9333,16.4167,13.0667,16.4,17.25,13.2,False,America/Chicago,America/New_York
1144,2014-09-04,DFW,LGA,14.4333,17.9167,14.7667,18.2,19.0667,15.0167,False,America/Chicago,America/New_York
1148,2014-09-04,DFW,LGA,15.7667,19.2667,15.8333,19.2167,20.0333,16,False,America/Chicago,America/New_York
1152,2014-09-04,DFW,LGA,16.9333,20.4167,16.8167,20.3,21.1,17.05,False,America/Chicago,America/New_York
1156,2014-09-04,DFW,LGA,17.4333,20.9167,17.3,20.75,21.5833,17.55,False,America/Chicago,America/New_York
1164,2014-09-04,DFW,LGA,18.2667,21.7667,18.2667,21.5667,22.4167,18.4667,False,America/Chicago,America/New_York
1170,2014-09-04,DFW,LGA,19.6,23.0167,19.65,22.9667,23.8167,19.8667,False,America/Chicago,America/New_York
272,2014-09-04,FLL,LGA,5.93333,8.63333,5.83333,8.66667,8.48333,6.06667,False,America/New_York,America/New_York
972,2014-09-04,FLL,LGA,7.11667,9.93333,7.08333,9.76667,9.68333,7.26667,False,America/New_York,America/New_York
1572,2014-09-04,FLL,LGA,9.7,12.4667,9.61667,12.3,12.2,9.83333,False,America/New_York,America/New_York
1698,2014-09-04,FLL,LGA,10.9333,13.8833,10.8333,13.55,13.4333,11.0667,False,America/New_York,America/New_York
1272,2014-09-04,FLL,LGA,12.6167,15.4333,12.55,15.6667,15.35,12.9,False,America/New_York,America/New_York
2495,2014-09-04,FLL,LGA,13.4833,16.4333,13.4833,16.5333,16.3833,13.95,False,America/New_York,America/New_York
2562,2014-09-04,FLL,LGA,14.9667,17.9167,14.9333,17.6333,17.45,15.0833,False,America/New_York,America/New_York
672,2014-09-04,FLL,LGA,17.85,20.75,17.8167,20.6333,20.55,18.0833,False,America/New_York,America/New_York
1514,2014-09-04,FLL,LGA,18.9333,21.85,18.8333,21.4833,21.4,19.05,False,America/New_York,America/New_York
1472,2014-09-04,FLL,LGA,20.4333,23.2667,20.3833,23,22.9333,20.5167,False,America/New_York,America/New_York
198,2014-09-04,MCO,LGA,5.93333,8.43333,5.9,8.21667,8.15,6.11667,False,America/New_York,America/New_York
2276,2014-09-04,MCO,LGA,6.58333,9.18333,6.53333,8.96667,8.85,6.75,False,America/New_York,America/New_York
1526,2014-09-04,MCO,LGA,8.1,10.6667,8,10.5,10.4333,8.31667,False,America/New_York,America/New_York
298,2014-09-04,MCO,LGA,9.93333,12.4667,9.81667,12.15,12.0667,10,False,America/New_York,America/New_York
2186,2014-09-04,MCO,LGA,12.2667,14.8833,12.3667,14.95,14.8333,12.65,False,America/New_York,America/New_York
398,2014-09-04,MCO,LGA,14.1833,16.7833,14.15,16.5833,16.5,14.3333,False,America/New_York,America/New_York
2166,2014-09-04,MCO,LGA,15.1,17.6667,15,17.6667,17.5,15.2833,False,America/New_York,America/New_York
1776,2014-09-04,MCO,LGA,17.9333,20.5167,18.0333,20.5833,20.4667,18.35,False,America/New_York,America/New_York
698,2014-09-04,MCO,LGA,19.2667,21.85,19.25,21.8,21.7,19.5,False,America/New_York,America/New_York
786,2014-09-04,ATL,LGA,5.93333,8.13333,5.91667,8.2,7.96667,6.3,False,America/New_York,America/New_York
4719,2014-09-04,ATL,LGA,6.68333,8.93333,6.6,8.66667,8.53333,6.81667,False,America/New_York,America/New_York
886,2014-09-04,ATL,LGA,6.68333,8.85,6.65,8.93333,8.63333,7.03333,False,America/New_York,America/New_York
986,2014-09-04,ATL,LGA,7.68333,9.9,7.61667,9.61667,9.48333,7.85,False,America/New_York,America/New_York
1086,2014-09-04,ATL,LGA,8.68333,10.9333,8.81667,10.7167,10.6,9,False,America/New_York,America/New_York
2414,2014-09-04,ATL,LGA,8.85,11.2667,8.96667,11.1333,10.8667,9.16667,False,America/New_York,America/New_York
2302,2014-09-04,ATL,LGA,9.68333,12,9.56667,11.6167,11.45,9.81667,False,America/New_York,America/New_York
305,2014-09-04,ATL,LGA,10.4333,12.85,10.9333,13.0167,12.7667,11.1167,False,America/New_York,America/New_York
1286,2014-09-04,ATL,LGA,10.6833,12.9167,10.6833,12.6667,12.55,10.95,False,America/New_York,America/New_York
2485,2014-09-04,ATL,LGA,11.6833,13.9,11.6167,13.7,13.55,11.8167,False,America/New_York,America/New_York
1486,2014-09-04,ATL,LGA,12.6833,14.9667,12.6833,14.8,14.6667,12.9167,False,America/New_York,America/New_York
1586,2014-09-04,ATL,LGA,13.6833,15.9833,13.7,16.0833,15.9667,14.25,False,America/New_York,America/New_York
443,2014-09-04,ATL,LGA,14.2667,16.6,15.3833,17.5667,17.4333,15.6167,False,America/New_York,America/New_York
802,2014-09-04,ATL,LGA,14.6833,16.9333,14.6833,16.9167,16.7833,15.0167,False,America/New_York,America/New_York
1786,2014-09-04,ATL,LGA,15.6833,18,16.1833,18.2333,18.1,16.3667,False,America/New_York,America/New_York
1886,2014-09-04,ATL,LGA,16.6833,19.0167,16.85,18.9667,18.85,17.0833,False,America/New_York,America/New_York
2880,2014-09-04,ATL,LGA,17.4333,19.85,18.7833,20.8333,20.75,19.0333,False,America/New_York,America/New_York
1986,2014-09-04,ATL,LGA,17.6833,20.0833,18.6833,20.75,20.65,18.95,False,America/New_York,America/New_York
2086,2014-09-04,ATL,LGA,18.6833,20.9333,18.7833,20.95,20.8167,19.1,False,America/New_York,America/New_York
906,2014-09-04,ATL,LGA,19.6,21.9167,19.7667,21.95,21.7667,20.0667,False,America/New_York,America/New_York
3122,2014-09-04,ATL,LGA,19.85,22.2667,19.9667,22.1,21.8667,20.1167,False,America/New_York,America/New_York
2386,2014-09-04,ATL,LGA,21.6833,23.9167,21.65,23.8333,23.75,22,False,America/New_York,America/New_York
4998,2014-09-04,CHO,LGA,5.93333,7.21667,5.8,6.86667,6.8,5.96667,False,America/New_York,America/New_York
2773,2014-09-04,CHO,LGA,14.1833,15.4167,14.05,15.1,15,14.1167,False,America/New_York,America/New_York
5055,2014-09-04,CHS,LGA,5.93333,7.9,5.78333,7.41667,7.3,5.9,False,America/New_York,America/New_York
5060,2014-09-04,CHS,LGA,13.5833,15.6167,13.4667,15.25,15.15,13.6333,False,America/New_York,America/New_York
5346,2014-09-04,CHS,LGA,17.9,19.9333,17.8167,19.7167,19.55,18.0167,False,America/New_York,America/New_York
5070,2014-09-04,SYR,LGA,5.93333,7.1,5.83333,6.7,6.63333,6.01667,False,America/New_York,America/New_York
5116,2014-09-04,SYR,LGA,11.4667,12.6833,11.3667,12.3667,12.3,11.5333,False,America/New_York,America/New_York
5232,2014-09-04,SYR,LGA,17.4667,18.7667,17.3833,18.3333,18.1833,17.55,False,America/New_York,America/New_York
5208,2014-09-04,MHT,LGA,5.93333,7.18333,5.93333,6.96667,6.85,6.1,False,America/New_York,America/New_York
3568,2014-09-04,CMH,LGA,5.93333,7.41667,6.88333,8.3,8.2,7.11667,False,America/New_York,America/New_York
5131,2014-09-04,CMH,LGA,7.63333,9.43333,7.55,9,8.88333,7.71667,False,America/New_York,America/New_York
3586,2014-09-04,CMH,LGA,8.26667,9.91667,8.25,9.78333,9.6,8.41667,False,America/New_York,America/New_York
3407,2014-09-04,CMH,LGA,10.7,12.2667,10.9667,12.55,12.3667,11.2167,False,America/New_York,America/New_York
3282,2014-09-04,CMH,LGA,14.1833,15.9167,14.0333,15.45,15.3667,14.2,False,America/New_York,America/New_York
3391,2014-09-04,CMH,LGA,15.85,17.6,15.6833,17.2333,17.1667,15.9333,False,America/New_York,America/New_York
2995,2014-09-04,CMH,LGA,17.1833,18.9167,16.9667,19.1,18.45,17.1833,False,America/New_York,America/New_York
3594,2014-09-04,GSO,LGA,5.93333,7.41667,5.86667,7.25,7.18333,6.11667,False,America/New_York,America/New_York
5400,2014-09-04,GSO,LGA,6.06667,7.68333,6,7.31667,7.25,6.15,False,America/New_York,America/New_York
3564,2014-09-04,GSO,LGA,10.1,11.6833,9.88333,11.4,11.1833,10.0833,False,America/New_York,America/New_York
5089,2014-09-04,GSO,LGA,10.2667,11.8833,10.2167,11.6,11.4833,10.3833,False,America/New_York,America/New_York
3199,2014-09-04,GSO,LGA,17.1,18.7667,16.9167,18.5333,18.3833,17.15,False,America/New_York,America/New_York
4900,2014-09-04,RIC,LGA,5.93333,7.25,5.91667,6.83333,6.73333,6.03333,False,America/New_York,America/New_York
5074,2014-09-04,RIC,LGA,10.5167,11.8833,10.4167,11.6833,11.6,10.8667,False,America/New_York,America/New_York
5199,2014-09-04,ORF,LGA,5.95,7.43333,5.9,7.01667,6.93333,6.06667,False,America/New_York,America/New_York
3556,2014-09-04,ORF,LGA,11.35,12.6,11.2667,12.5,12.3167,11.4333,False,America/New_York,America/New_York
4976,2014-09-04,ORF,LGA,17.6833,19.0833,17.5,18.9667,18.7,17.7167,False,America/New_York,America/New_York
3664,2014-09-04,ORF,LGA,18.0833,19.4167,18,19.3,19.2167,18.1833,False,America/New_York,America/New_York
2060,2014-09-04,CLT,LGA,6.01667,7.71667,6.13333,7.73333,7.61667,6.4,False,America/New_York,America/New_York
2062,2014-09-04,CLT,LGA,7.85,9.7,7.73333,9.5,9.38333,8.13333,False,America/New_York,America/New_York
1910,2014-09-04,CLT,LGA,9.85,11.7833,9.95,11.65,11.5667,10.3,False,America/New_York,America/New_York
2064,2014-09-04,CLT,LGA,11.6833,13.5833,11.6667,13.5,13.3667,12.0667,False,America/New_York,America/New_York
2066,2014-09-04,CLT,LGA,13.0167,14.85,12.9333,14.5167,14.4167,13.1167,False,America/New_York,America/New_York
2068,2014-09-04,CLT,LGA,14.35,16.1,14.4333,16.3167,16.1833,14.8333,False,America/New_York,America/New_York
4961,2014-09-04,CLT,LGA,14.9333,16.8333,14.7667,16.6667,16.5833,15.2833,False,America/New_York,America/New_York
2070,2014-09-04,CLT,LGA,16.1,17.9,16.0667,17.8833,17.7333,16.2667,False,America/New_York,America/New_York
2072,2014-09-04,CLT,LGA,18.5167,20.3667,18.6667,20.3333,20.2,18.8167,False,America/New_York,America/New_York
5340,2014-09-04,CLT,LGA,19.2833,21.1667,19.2,20.9333,20.8333,19.5,False,America/New_York,America/New_York
1954,2014-09-04,CLT,LGA,20.1833,21.9333,20.2833,22.0333,21.9167,20.5667,False,America/New_York,America/New_York
2087,2014-09-04,CLT,LGA,22.0167,23.6833,22,23.6333,23.5333,22.2167,False,America/New_York,America/New_York
3601,2014-09-04,DTW,LGA,6.61667,7.68333,6.48333,7.41667,7.81667,6.63333,False,America/Detroit,America/New_York
1748,2014-09-04,DTW,LGA,9.11667,10.2833,9.11667,10.2167,10.7167,9.53333,False,America/Detroit,America/New_York
2814,2014-09-04,DTW,LGA,9.53333,10.6833,9.43333,10.5833,11.0667,9.88333,False,America/Detroit,America/New_York
1948,2014-09-04,DTW,LGA,12.6167,13.7333,12.5667,13.6,14.0667,12.8333,False,America/Detroit,America/New_York
3478,2014-09-04,DTW,LGA,12.7833,13.9167,12.6833,13.95,14.2,12.95,False,America/Detroit,America/New_York
3592,2014-09-04,DTW,LGA,14.2833,15.4167,14.1833,15.1833,15.7,14.35,False,America/Detroit,America/New_York
2248,2014-09-04,DTW,LGA,15.95,17.1167,15.8333,16.95,17.4333,16.2,False,America/Detroit,America/New_York
3631,2014-09-04,DTW,LGA,17.0333,18.25,17.1667,18.4333,18.7333,17.4,False,America/Detroit,America/New_York
1530,2014-09-04,DTW,LGA,20.2,21.35,20.7667,21.8,22.3333,21.0833,False,America/Detroit,America/New_York
1448,2014-09-04,DTW,LGA,22.2667,23.35,22.35,23.4,23.9167,22.6333,False,America/Detroit,America/New_York
3352,2014-09-04,DAY,LGA,6.18333,7.93333,6.08333,8.13333,7.78333,6.43333,False,America/New_York,America/New_York
3684,2014-09-04,DAY,LGA,16.1833,18.1833,16.05,18.2333,17.6833,16.1833,False,America/New_York,America/New_York
3667,2014-09-04,BNA,LGA,7.1,9.26667,7,9.36667,9.95,7.21667,False,America/Chicago,America/New_York
3030,2014-09-04,BNA,LGA,7.68333,10.0167,7.68333,9.81667,10.55,7.86667,False,America/Chicago,America/New_York
5310,2014-09-04,BNA,LGA,7.85,10.1,7.81667,9.88333,10.7167,8.06667,False,America/Chicago,America/New_York
3474,2014-09-04,BNA,LGA,9.01667,11.1833,9.05,11.0167,11.85,9.23333,False,America/Chicago,America/New_York
3536,2014-09-04,BNA,LGA,10.7667,12.9167,10.7333,12.8,13.5167,10.8833,False,America/Chicago,America/New_York
185,2014-09-04,BNA,LGA,12.5167,14.7667,12.4667,14.55,15.3833,12.6333,False,America/Chicago,America/New_York
3418,2014-09-04,BNA,LGA,15.1,17.2667,15.4833,17.85,18.6833,15.6667,False,America/Chicago,America/New_York
2164,2014-09-04,BNA,LGA,16.6833,18.85,16.6833,18.9,19.7167,16.8167,False,America/Chicago,America/New_York
3382,2014-09-04,BNA,LGA,19.25,21.4167,19.1667,21.4167,22.25,19.3333,False,America/Chicago,America/New_York
1084,2014-09-04,MIA,LGA,6.26667,9.1,6.23333,9.05,8.91667,6.45,False,America/New_York,America/New_York
2151,2014-09-04,MIA,LGA,7.43333,10.5167,7.3,10.05,9.95,7.61667,False,America/New_York,America/New_York
1133,2014-09-04,MIA,LGA,7.93333,10.85,7.9,10.7667,10.7,8.2,False,America/New_York,America/New_York
1109,2014-09-04,MIA,LGA,9.6,12.5833,9.68333,12.5333,12.4667,10.0167,False,America/New_York,America/New_York
2003,2014-09-04,MIA,LGA,10.9333,13.9667,10.85,13.7333,13.6167,11.1667,False,America/New_York,America/New_York
1777,2014-09-04,MIA,LGA,11.1833,14.3,11.4167,14.3333,14.2,11.6833,False,America/New_York,America/New_York
2258,2014-09-04,MIA,LGA,12.4333,15.4167,12.35,15.1333,15.0833,12.55,False,America/New_York,America/New_York
1599,2014-09-04,MIA,LGA,14.4833,17.4167,14.4333,17.45,17.2833,14.6833,False,America/New_York,America/New_York
825,2014-09-04,MIA,LGA,14.9333,17.9833,14.8667,17.75,17.65,15.15,False,America/New_York,America/New_York
342,2014-09-04,MIA,LGA,16.6,19.65,16.5667,19.5,19.4333,16.9167,False,America/New_York,America/New_York
2656,2014-09-04,MIA,LGA,17.3833,20.4333,17.3,20.2333,20.0667,17.6167,False,America/New_York,America/New_York
2248,2014-09-04,MIA,LGA,18.35,21.3167,18.2667,20.9667,20.9167,18.4833,False,America/New_York,America/New_York
1982,2014-09-04,MIA,LGA,19.2667,22.2833,19.25,22.1833,22.0833,19.5333,False,America/New_York,America/New_York
1102,2014-09-04,MIA,LGA,19.6833,22.5667,19.8833,22.8333,22.7167,20.2167,False,America/New_York,America/New_York
2298,2014-09-04,MIA,LGA,20.9333,23.75,20.9333,23.8333,23.7,21.2667,False,America/New_York,America/New_York
904,2014-09-04,HOU,LGA,7.26667,10.85,7.21667,10.7667,11.3667,7.33333,False,America/Chicago,America/New_York
1345,2014-09-04,HOU,LGA,9.93333,13.5167,9.96667,13.35,14.1833,10.1,False,America/Chicago,America/New_York
2067,2014-09-04,HOU,LGA,15.1,18.7667,15.1333,18.5333,19.3833,15.2333,False,America/Chicago,America/New_York
39,2014-09-04,HOU,LGA,18.6,22.2667,18.6,22.0833,22.9,18.75,False,America/Chicago,America/New_York
2847,2014-09-04,STL,LGA,7.26667,9.85,7.06667,9.38333,10.1,7.23333,False,America/Chicago,America/New_York
2792,2014-09-04,STL,LGA,8.35,10.9333,8.21667,10.7833,11.2833,8.35,False,America/Chicago,America/New_York
2822,2014-09-04,STL,LGA,11.2667,13.6833,11.1333,13.4333,14.25,11.3333,False,America/Chicago,America/New_York
419,2014-09-04,STL,LGA,12.2667,14.85,12.4167,14.8333,15.6167,12.55,False,America/Chicago,America/New_York
3134,2014-09-04,STL,LGA,13.1833,15.6833,13.15,15.6833,16.35,13.4,False,America/Chicago,America/New_York
2840,2014-09-04,STL,LGA,17.6,20.1,17.55,19.8667,20.7,17.7667,False,America/Chicago,America/New_York
3741,2014-09-04,STL,LGA,17.85,20.35,17.8333,20.15,20.95,17.9833,False,America/Chicago,America/New_York
5468,2014-09-04,MCI,LGA,7.35,10.3167,7.26667,9.83333,10.6833,7.43333,False,America/Chicago,America/New_York
5058,2014-09-04,MCI,LGA,15.1833,18.25,15.1167,18,18.75,15.3333,False,America/Chicago,America/New_York
5054,2014-09-04,MCI,LGA,18.9333,21.8167,18.8833,21.6833,22.4833,19.05,False,America/Chicago,America/New_York
3006,2014-09-04,SDF,LGA,7.38333,8.85,7.35,8.6,9.1,7.55,False,America/Kentucky/Louisville,America/New_York
3599,2014-09-04,SDF,LGA,11.8833,13.35,11.9667,13.1667,13.8,12.1333,False,America/Kentucky/Louisville,America/New_York
3608,2014-09-04,SDF,LGA,18.8833,20.4333,18.7333,20.15,20.6833,19.0833,False,America/Kentucky/Louisville,America/New_York
3390,2014-09-04,LIT,LGA,7.6,10.1833,9.76667,12.3667,13.2,9.88333,False,America/Chicago,America/New_York
442,2014-09-04,MKE,LGA,7.68333,9.85,7.83333,9.91667,10.7333,8.05,False,America/Chicago,America/New_York
42,2014-09-04,MKE,LGA,9.85,12.0167,10.0833,12.0167,12.8333,10.2333,False,America/Chicago,America/New_York
3831,2014-09-04,MKE,LGA,15.6833,17.85,15.5833,17.6667,18.5167,15.7167,False,America/Chicago,America/New_York
478,2014-09-04,MKE,LGA,21.1,23.35,21.5333,23.7,24.5,21.7333,False,America/Chicago,America/New_York
2816,2014-09-04,RDU,LGA,6.76667,8.26667,6.65,8.31667,8.1,6.98333,False,America/New_York,America/New_York
3552,2014-09-04,RDU,LGA,7.85,9.41667,7.8,9.21667,9.11667,8.08333,False,America/New_York,America/New_York
3531,2014-09-04,RDU,LGA,8.68333,10.35,23.9333,23.9333,23.9333,23.9333,True,America/New_York,America/New_York
3404,2014-09-04,RDU,LGA,11.2667,12.7667,11.2167,12.6333,12.5,11.5,False,America/New_York,America/New_York
3466,2014-09-04,RDU,LGA,12.7667,14.4167,12.6667,14.0333,13.9,12.8,False,America/New_York,America/New_York
3305,2014-09-04,RDU,LGA,15.25,16.9167,15.0833,16.4667,16.3833,15.3,False,America/New_York,America/New_York
3408,2014-09-04,RDU,LGA,17.1833,18.85,16.8833,18.8,18.7167,17.65,False,America/New_York,America/New_York
3301,2014-09-04,RDU,LGA,18.9167,20.5833,19,20.35,20.2667,19.2,False,America/New_York,America/New_York
3415,2014-09-04,CAK,LGA,6.85,8.35,6.76667,8,7.91667,6.95,False,America/New_York,America/New_York
160,2014-09-04,CAK,LGA,8.43333,9.85,8.33333,9.6,9.45,8.46667,False,America/New_York,America/New_York
2881,2014-09-04,CAK,LGA,14.5167,15.9333,14.45,15.6667,15.6,14.5833,False,America/New_York,America/New_York
1996,2014-09-04,MSP,LGA,7.85,10.5833,7.81667,10.35,11.1833,7.98333,False,America/Chicago,America/New_York
1796,2014-09-04,MSP,LGA,9.93333,12.6333,9.83333,12.35,13.15,9.96667,False,America/Chicago,America/New_York
1496,2014-09-04,MSP,LGA,12.0833,14.7667,12.0833,14.6667,15.4833,12.2833,False,America/Chicago,America/New_York
2096,2014-09-04,MSP,LGA,14.35,17.1,14.25,16.9,17.6667,14.5167,False,America/Chicago,America/New_York
2196,2014-09-04,MSP,LGA,16.1833,18.95,16.1833,19.2667,19.9333,16.45,False,America/Chicago,America/New_York
1596,2014-09-04,MSP,LGA,20.6,23.3833,20.9167,23.5,24.2833,21.1167,False,America/Chicago,America/New_York
5432,2014-09-04,CLE,LGA,6.93333,8.6,6.75,8.15,7.98333,6.95,False,America/New_York,America/New_York
4120,2014-09-04,CLE,LGA,7.43333,9.08333,7.78333,9.38333,9.05,7.96667,False,America/New_York,America/New_York
4901,2014-09-04,CLE,LGA,9.31667,11.0167,9.26667,10.5667,10.5,9.41667,False,America/New_York,America/New_York
4199,2014-09-04,CLE,LGA,10.8667,12.5167,10.8333,12.3833,12.25,11.15,False,America/New_York,America/New_York
4200,2014-09-04,CLE,LGA,12.2667,13.9167,12.2,14.0167,13.8833,12.6333,False,America/New_York,America/New_York
4310,2014-09-04,CLE,LGA,15.7667,17.4167,15.6667,17.0667,17,15.8167,False,America/New_York,America/New_York
4314,2014-09-04,CLE,LGA,17.8167,19.4667,18.95,20.5333,20.3167,19.1167,False,America/New_York,America/New_York
5384,2014-09-04,CLE,LGA,18.4333,20.1,18.2833,19.8667,19.7667,18.6,False,America/New_York,America/New_York
4605,2014-09-04,CLE,LGA,19.2833,20.9333,19.2167,20.75,20.5833,19.4167,False,America/New_York,America/New_York
5512,2014-09-04,OMA,LGA,7.85,10.7667,7.66667,10.4833,11.3333,7.85,False,America/Chicago,America/New_York
5612,2014-09-04,SAV,LGA,7.01667,9.13333,6.95,9.15,8.95,7.38333,False,America/New_York,America/New_York
4935,2014-09-04,SAV,LGA,16.2833,18.4167,17.8,19.7167,19.6167,17.9667,False,America/New_York,America/New_York
2135,2014-09-04,TPA,LGA,7.18333,9.83333,7.1,9.5,9.43333,7.26667,False,America/New_York,America/New_York
1716,2014-09-04,TPA,LGA,11.2833,13.9333,11.1667,13.7333,13.6667,11.3833,False,America/New_York,America/New_York
1875,2014-09-04,TPA,LGA,15.3333,18.0333,15.3,18.1333,18,15.6,False,America/New_York,America/New_York
2499,2014-09-04,TPA,LGA,18.6,21.3667,18.5667,21.1833,21.0667,18.7833,False,America/New_York,America/New_York
1116,2014-09-04,TPA,LGA,19.1,21.8167,19.1167,21.6833,21.6167,19.3,False,America/New_York,America/New_York
1280,2014-09-04,IAH,LGA,8.23333,11.8333,8.28333,11.7667,12.6,8.63333,False,America/Chicago,America/New_York
598,2014-09-04,IAH,LGA,9.83333,13.5,9.78333,13.1333,13.9667,10.0333,False,America/Chicago,America/New_York
453,2014-09-04,IAH,LGA,12.4333,16.0167,12.35,15.85,16.6333,12.6,False,America/Chicago,America/New_York
1023,2014-09-04,IAH,LGA,14.5,18.1,14.4833,17.85,18.7167,14.6667,False,America/Chicago,America/New_York
574,2014-09-04,IAH,LGA,16.5167,20.1333,16.6667,20.1,20.9167,16.8833,False,America/Chicago,America/New_York
1299,2014-09-04,IAH,LGA,17.8333,21.4333,19.2333,22.6667,23.4833,19.4333,False,America/Chicago,America/New_York
1632,2014-09-04,IAH,LGA,18.6833,22.2833,18.7,22.1833,23.0333,18.9,False,America/Chicago,America/New_York
345,2014-09-04,IAH,LGA,19.6833,23.2333,19.95,23.3833,24.2,20.1833,False,America/Chicago,America/New_York
2358,2014-09-04,PBI,LGA,7.93333,10.7667,7.86667,10.4,10.2833,8.03333,False,America/New_York,America/New_York
362,2014-09-04,PBI,LGA,12.2167,14.9167,12.15,14.7333,14.6333,12.2833,False,America/New_York,America/New_York
2463,2014-09-04,PBI,LGA,15.2667,18.1667,15.3167,18,17.8833,15.5333,False,America/New_York,America/New_York
1902,2014-09-04,PBI,LGA,18.4333,21.25,18.3833,21.0833,20.9667,18.5667,False,America/New_York,America/New_York
1262,2014-09-04,PBI,LGA,18.6833,21.4167,18.6167,21.2,21.1,18.8,False,America/New_York,America/New_York
5736,2014-09-04,IAD,LGA,8.2,9.46667,8.23333,9.38333,9.28333,8.56667,False,America/New_York,America/New_York
4129,2014-09-04,IAD,LGA,12.35,13.8333,12.2667,13.3333,13.2167,12.4833,False,America/New_York,America/New_York
5705,2014-09-04,IAD,LGA,17.2,18.6833,17.5,19.0333,18.9667,18.15,False,America/New_York,America/New_York
5742,2014-09-04,IAD,LGA,21.8667,23.0333,23.9333,23.9333,23.9333,23.9333,True,America/New_York,America/New_York
3547,2014-09-04,XNA,LGA,10.35,13.35,10.5333,13.4,14.2167,10.7333,False,America/Chicago,America/New_York
3553,2014-09-04,XNA,LGA,18.6833,21.6833,18.6167,21.3167,22.1667,18.8,False,America/Chicago,America/New_York
2789,2014-09-04,ILM,LGA,13.1,14.85,14.3833,16.0667,15.9,14.55,False,America/New_York,America/New_York
2076,2014-09-04,PHL,LGA,13.6833,14.5667,13.6,14.3333,14.2333,13.75,False,America/New_York,America/New_York
2040,2014-09-04,PHL,LGA,15.7667,16.75,15.7,16.8,16.7,16.2667,False,America/New_York,America/New_York
2082,2014-09-04,PHL,LGA,20.9333,21.8833,20.9167,21.9667,21.85,21.3167,False,America/New_York,America/New_York
3340,2014-09-04,TYS,LGA,15.6,17.5167,15.4833,17.4667,17.3333,15.7167,False,America/New_York,America/New_York
1640,2014-09-04,RSW,LGA,15.9333,18.7,15.8667,18.5833,18.5,16,False,America/New_York,America/New_York
5140,2014-09-04,PIT,LGA,15.9333,17.3833,15.8667,17.2167,17.1167,16.0333,False,America/New_York,America/New_York
5262,2014-09-04,PIT,LGA,18.7,20.1667,18.6,19.8833,19.7333,18.7333,False,America/New_York,America/New_York
5222,2014-09-04,CAE,LGA,16.6833,18.65,16.7833,18.8167,18.6333,17.05,False,America/New_York,America/New_York
432,2014-09-04,SRQ,LGA,17.2667,20.0167,17.1667,19.9833,19.85,17.35,False,America/New_York,America/New_York
5588,2014-09-04,BTV,LGA,17.4833,18.85,17.4167,18.7167,18.6,17.8833,False,America/New_York,America/New_York
5386,2014-09-04,ROC,LGA,17.8667,19.15,17.7667,19,18.8167,18.1,False,America/New_York,America/New_York
1311,2014-09-04,MSY,LGA,19.35,22.4167,19.25,22.1167,22.95,19.4,False,America/Chicago,America/New_York
5278,2014-09-04,BUF,LGA,19.0833,20.4333,18.8667,20.1667,19.8333,19,False,America/New_York,America/New_York
1540,2014-09-04,LGA,IAH,5.68333,9.33333,5.81667,9.08333,8.08333,6.05,False,America/New_York,America/Chicago
1454,2014-09-04,LGA,IAH,6.43333,10.0833,6.46667,9.88333,8.88333,6.66667,False,America/New_York,America/Chicago
243,2014-09-04,LGA,IAH,7.18333,10.8333,6.91667,10.3833,9.38333,7.28333,False,America/New_York,America/Chicago
1025,2014-09-04,LGA,IAH,8.85,12.7,8.88333,12.55,11.4667,9.3,False,America/New_York,America/Chicago
327,2014-09-04,LGA,IAH,10.2167,14.1,10.2,14.0167,12.7333,10.6,False,America/New_York,America/Chicago
1502,2014-09-04,LGA,IAH,12.6833,16.5667,12.7167,16.3333,15.2333,12.8667,False,America/New_York,America/Chicago
211,2014-09-04,LGA,IAH,16.9333,20.7833,16.9333,20.3167,19.25,17.2,False,America/New_York,America/Chicago
1128,2014-09-04,LGA,IAH,18.9167,22.75,18.7667,22,21,19.0167,False,America/New_York,America/Chicago
1123,2014-09-04,LGA,ORD,5.93333,8.21667,6.11667,8.21667,7.18333,6.38333,False,America/New_York,America/Chicago
303,2014-09-04,LGA,ORD,5.93333,8.18333,5.81667,7.96667,6.93333,6.13333,False,America/New_York,America/Chicago
307,2014-09-04,LGA,ORD,6.41667,8.75,6.3,8.45,7.41667,6.63333,False,America/New_York,America/Chicago
311,2014-09-04,LGA,ORD,6.91667,9.33333,6.86667,9.26667,8.23333,7.4,False,America/New_York,America/Chicago
315,2014-09-04,LGA,ORD,7.41667,9.83333,7.36667,9.53333,8.41667,7.7,False,America/New_York,America/Chicago
6443,2014-09-04,LGA,ORD,7.93333,10.2,9.3,13.1167,12.05,11.2333,False,America/New_York,America/Chicago
317,2014-09-04,LGA,ORD,8.68333,11.1,8.78333,11.7667,10.75,9.75,False,America/New_York,America/Chicago
711,2014-09-04,LGA,ORD,8.93333,11.4167,8.86667,11.8667,10.7667,9.88333,False,America/New_York,America/Chicago
325,2014-09-04,LGA,ORD,9.68333,12.1833,9.53333,13.2833,12.2167,11.4,False,America/New_York,America/Chicago
1259,2014-09-04,LGA,ORD,9.93333,12.4,9.93333,13.5167,12.45,11.7167,False,America/New_York,America/Chicago
327,2014-09-04,LGA,ORD,10.35,12.9333,12.05,14.3,13.2667,12.4167,False,America/New_York,America/Chicago
329,2014-09-04,LGA,ORD,11.35,13.85,11.2833,14.1833,13,12.2,False,America/New_York,America/Chicago
12,2014-09-04,LGA,ORD,11.9333,14.4,12.2667,14.5667,13.3,12.5167,False,America/New_York,America/Chicago
331,2014-09-04,LGA,ORD,12.2667,14.7667,13.1833,15.4167,14.2833,13.4833,False,America/New_York,America/Chicago
335,2014-09-04,LGA,ORD,13.1,15.6,13.0833,15.4,14.2333,13.3833,False,America/New_York,America/Chicago
6303,2014-09-04,LGA,ORD,13.9167,16.3667,17.2333,19.7333,18.6833,17.6833,False,America/New_York,America/Chicago
337,2014-09-04,LGA,ORD,14.35,16.85,17.1,19.4667,18.4167,17.5,False,America/New_York,America/Chicago
685,2014-09-04,LGA,ORD,14.9333,17.4167,14.8,18.1667,17.05,16.1,False,America/New_York,America/Chicago
488,2014-09-04,LGA,ORD,15.9333,18.4167,15.9833,18.5833,17.5667,16.6333,False,America/New_York,America/Chicago
343,2014-09-04,LGA,ORD,16.1833,18.85,17.1167,19.6,18.5333,17.6167,False,America/New_York,America/Chicago
689,2014-09-04,LGA,ORD,16.9333,19.45,17.0167,19.15,18.15,17.2833,False,America/New_York,America/Chicago
345,2014-09-04,LGA,ORD,17.1,19.6833,18.45,20.7,19.65,18.8833,False,America/New_York,America/Chicago
691,2014-09-04,LGA,ORD,17.9333,20.45,17.8667,20.2333,19.2167,18.4,False,America/New_York,America/Chicago
355,2014-09-04,LGA,ORD,17.9333,20.5167,23.9333,24.85,23.9333,23.9333,True,America/New_York,America/Chicago
359,2014-09-04,LGA,ORD,18.6833,21.1833,19.15,21.5667,20.5167,19.65,False,America/New_York,America/Chicago
693,2014-09-04,LGA,ORD,18.9333,21.55,18.9,21.1167,20.0667,19.1667,False,America/New_York,America/Chicago
363,2014-09-04,LGA,ORD,19.6,22.0167,19.9,22.25,21.1333,20.3667,False,America/New_York,America/Chicago
695,2014-09-04,LGA,ORD,19.9333,22.35,19.9333,22.0667,21.1,20.3167,False,America/New_York,America/Chicago
371,2014-09-04,LGA,ORD,20.1833,22.6,20.35,22.6833,21.65,20.9,False,America/New_York,America/Chicago
2134,2014-09-04,LGA,BOS,5.93333,6.93333,5.83333,6.76667,6.68333,6.1,False,America/New_York,America/New_York
2136,2014-09-04,LGA,BOS,6.93333,8.01667,6.73333,7.61667,7.55,6.98333,False,America/New_York,America/New_York
2138,2014-09-04,LGA,BOS,7.93333,8.98333,7.81667,8.85,8.71667,8.16667,False,America/New_York,America/New_York
2140,2014-09-04,LGA,BOS,8.93333,10.2167,8.85,9.95,9.76667,9.2,False,America/New_York,America/New_York
2142,2014-09-04,LGA,BOS,9.93333,11.2,9.73333,10.9667,10.8667,10.2667,False,America/New_York,America/New_York
2144,2014-09-04,LGA,BOS,10.9333,12.1667,10.8833,11.8,11.7,11.1667,False,America/New_York,America/New_York
2146,2014-09-04,LGA,BOS,11.9333,13.1167,11.8333,12.8333,12.6833,12.1667,False,America/New_York,America/New_York
2148,2014-09-04,LGA,BOS,12.9333,14.1167,12.8,13.7,13.5833,13.05,False,America/New_York,America/New_York
2150,2014-09-04,LGA,BOS,13.9333,15.1,13.85,14.7167,14.5833,14.05,False,America/New_York,America/New_York
2152,2014-09-04,LGA,BOS,14.9333,16.1667,14.8,15.6833,15.6,15.0167,False,America/New_York,America/New_York
2154,2014-09-04,LGA,BOS,15.9333,17.2,15.8333,16.75,16.6,16.0667,False,America/New_York,America/New_York
2156,2014-09-04,LGA,BOS,16.9333,18.2333,16.85,17.9833,17.7667,17.2333,False,America/New_York,America/New_York
2158,2014-09-04,LGA,BOS,17.9333,19.1667,17.9333,19.05,18.95,18.3667,False,America/New_York,America/New_York
2160,2014-09-04,LGA,BOS,18.9333,20.1333,18.8333,19.8,19.7167,19.0833,False,America/New_York,America/New_York
2162,2014-09-04,LGA,BOS,19.9333,21.1333,19.8833,21.15,21.0833,20.4333,False,America/New_York,America/New_York
2164,2014-09-04,LGA,BOS,20.9333,22,20.7833,21.85,21.8,21.1667,False,America/New_York,America/New_York
2167,2014-09-04,LGA,DCA,5.93333,6.96667,5.83333,7.06667,7,6.31667,False,America/New_York,America/New_York
2169,2014-09-04,LGA,DCA,6.93333,7.91667,6.83333,7.91667,7.76667,7.05,False,America/New_York,America/New_York
2171,2014-09-04,LGA,DCA,7.93333,9.26667,7.81667,9.06667,8.93333,8.18333,False,America/New_York,America/New_York
2173,2014-09-04,LGA,DCA,8.93333,10.2667,8.83333,9.96667,9.91667,9.21667,False,America/New_York,America/New_York
2175,2014-09-04,LGA,DCA,9.93333,11.2667,9.8,11.2833,11.2333,10.5167,False,America/New_York,America/New_York
2177,2014-09-04,LGA,DCA,10.9333,12.2167,10.8,12.1333,12.05,11.3167,False,America/New_York,America/New_York
2179,2014-09-04,LGA,DCA,11.9333,13.2333,11.8,13.0333,12.8833,12.1333,False,America/New_York,America/New_York
2181,2014-09-04,LGA,DCA,12.9333,14.2,12.8,14,13.95,13.0833,False,America/New_York,America/New_York
2183,2014-09-04,LGA,DCA,13.9333,15.15,13.8,14.8333,14.75,14.0333,False,America/New_York,America/New_York
2185,2014-09-04,LGA,DCA,14.9333,16.25,14.8333,16.0333,15.9667,15.2167,False,America/New_York,America/New_York
2187,2014-09-04,LGA,DCA,15.9333,17.2667,15.8,16.9833,16.8833,16.15,False,America/New_York,America/New_York
2189,2014-09-04,LGA,DCA,16.9333,18.25,17.0333,18.2833,18.2167,17.35,False,America/New_York,America/New_York
2191,2014-09-04,LGA,DCA,17.9333,19.2,17.8167,19.4,19.1,18.2833,False,America/New_York,America/New_York
2193,2014-09-04,LGA,DCA,18.9333,20.2,20.6167,21.7833,21.7167,20.9833,False,America/New_York,America/New_York
2195,2014-09-04,LGA,DCA,19.9333,21.2667,20.0333,21.45,21.3667,20.6333,False,America/New_York,America/New_York
2197,2014-09-04,LGA,DCA,20.9333,22.1833,20.8333,22.0333,21.9333,21.1833,False,America/New_York,America/New_York
517,2014-09-04,LGA,PHL,5.93333,6.88333,5.86667,6.85,6.76667,6.25,False,America/New_York,America/New_York
1777,2014-09-04,LGA,PHL,15.4167,16.9,15.3167,16.2667,16.2,15.65,False,America/New_York,America/New_York
2089,2014-09-04,LGA,PHL,17.6,18.8333,17.4667,18.5833,18.4667,17.9667,False,America/New_York,America/New_York
4963,2014-09-04,LGA,MDW,5.93333,8.01667,5.86667,8.18333,7.11667,6.33333,False,America/New_York,America/Chicago
3415,2014-09-04,LGA,MDW,8.85,11.2667,9,11.3333,10.3333,9.56667,False,America/New_York,America/Chicago
3030,2014-09-04,LGA,MDW,10.6,13.1,10.4667,12.5333,11.55,10.7833,False,America/New_York,America/Chicago
904,2014-09-04,LGA,MDW,11.4333,13.85,11.3667,13.9667,12.9833,11.9333,False,America/New_York,America/Chicago
305,2014-09-04,LGA,MDW,13.35,15.7667,13.9,15.8667,14.85,14.15,False,America/New_York,America/Chicago
185,2014-09-04,LGA,MDW,15.35,17.9333,15.35,17.45,16.45,15.6833,False,America/New_York,America/Chicago
754,2014-09-04,LGA,MDW,17.85,20.1833,19.0333,21.1167,20.1333,19.3333,False,America/New_York,America/Chicago
783,2014-09-04,LGA,MDW,20.85,23.1833,20.7667,22.9167,21.9,21.1167,False,America/New_York,America/Chicago
1027,2014-09-04,LGA,MKE,5.93333,8.18333,5.9,8.11667,7.08333,6.28333,False,America/New_York,America/Chicago
786,2014-09-04,LGA,MKE,9.43333,12.0167,9.4,11.8333,10.85,10.0667,False,America/New_York,America/Chicago
1345,2014-09-04,LGA,MKE,14.1,16.4333,14.0833,15.9667,14.9833,14.25,False,America/New_York,America/Chicago
2164,2014-09-04,LGA,MKE,19.4333,21.85,19.6333,21.75,20.7333,20,False,America/New_York,America/Chicago
1103,2014-09-04,LGA,DFW,5.93333,9.68333,5.81667,9.13333,8.11667,6.06667,False,America/New_York,America/Chicago
1107,2014-09-04,LGA,DFW,6.85,10.6,6.73333,10.6833,9.15,7,False,America/New_York,America/Chicago
1111,2014-09-04,LGA,DFW,7.68333,11.35,7.48333,10.8333,9.81667,7.73333,False,America/New_York,America/Chicago
1121,2014-09-04,LGA,DFW,8.18333,12.0167,8.26667,12,10.8833,8.86667,False,America/New_York,America/Chicago
1131,2014-09-04,LGA,DFW,9.41667,13.3333,10.2833,13.9167,12.9,10.8833,False,America/New_York,America/Chicago
1100,2014-09-04,LGA,DFW,10.9167,14.8333,10.8167,14.25,13.2,11.1333,False,America/New_York,America/Chicago
1104,2014-09-04,LGA,DFW,11.9167,15.8333,11.7667,15.2333,14.2167,12.2167,False,America/New_York,America/Chicago
1108,2014-09-04,LGA,DFW,12.6833,16.5167,12.6667,15.8667,14.85,12.8333,False,America/New_York,America/Chicago
1110,2014-09-04,LGA,DFW,13.4167,17.25,13.85,17.1167,16.0667,14.1,False,America/New_York,America/Chicago
1114,2014-09-04,LGA,DFW,14.85,18.6833,14.8167,18.4,17.2,15.0667,False,America/New_York,America/Chicago
1120,2014-09-04,LGA,DFW,15.6833,19.6,15.7167,19.1333,18.0167,15.95,False,America/New_York,America/Chicago
1138,2014-09-04,LGA,DFW,16.4333,20.35,16.3,19.95,18.95,16.8167,False,America/New_York,America/Chicago
1140,2014-09-04,LGA,DFW,17.1833,21.1,17.1167,21.1333,19.7667,17.7,False,America/New_York,America/Chicago
1144,2014-09-04,LGA,DFW,18.7667,22.6,18.95,22.35,21.35,19.2833,False,America/New_York,America/Chicago
1297,2014-09-04,LGA,MIA,5.93333,8.9,5.78333,8.75,8.66667,6.2,False,America/New_York,America/New_York
2451,2014-09-04,LGA,MIA,6.91667,10.0333,6.76667,9.66667,9.56667,7.03333,False,America/New_York,America/New_York
2003,2014-09-04,LGA,MIA,7.01667,10.2333,6.91667,9.93333,9.86667,7.55,False,America/New_York,America/New_York
2243,2014-09-04,LGA,MIA,8.1,11.3167,8.03333,11.2833,11.2,8.43333,False,America/New_York,America/New_York
874,2014-09-04,LGA,MIA,9.1,12.5,8.95,12.4,12.3,9.85,False,America/New_York,America/New_York
1084,2014-09-04,LGA,MIA,9.85,13.0667,9.76667,13.0333,12.9333,10.35,False,America/New_York,America/New_York
2098,2014-09-04,LGA,MIA,10.9333,14.2167,10.8833,13.95,13.8167,11.3333,False,America/New_York,America/New_York
1133,2014-09-04,LGA,MIA,12.1833,15.3667,12.1,15.0667,14.9833,12.3833,False,America/New_York,America/New_York
1109,2014-09-04,LGA,MIA,13.9167,17.0333,13.8333,16.8,16.7333,14.0833,False,America/New_York,America/New_York
1982,2014-09-04,LGA,MIA,15.1833,18.4667,15.1333,18.05,17.9667,15.35,False,America/New_York,America/New_York
2076,2014-09-04,LGA,MIA,15.4167,18.7667,15.4,18.65,18.1167,15.6,False,America/New_York,America/New_York
2258,2014-09-04,LGA,MIA,16.9167,20.1667,16.8,19.6667,19.55,17.0667,False,America/New_York,America/New_York
2139,2014-09-04,LGA,MIA,18.6833,22.0167,18.6333,21.4333,21.35,19,False,America/New_York,America/New_York
1599,2014-09-04,LGA,MIA,19.1833,22.4,20.0833,22.9333,22.85,20.55,False,America/New_York,America/New_York
1589,2014-09-04,LGA,MIA,20.1833,23.3,20.0167,23.0167,22.9333,20.6167,False,America/New_York,America/New_York
1099,2014-09-04,LGA,MCO,5.93333,8.58333,5.76667,8.13333,8.06667,6.01667,False,America/New_York,America/New_York
2285,2014-09-04,LGA,MCO,7.01667,9.7,6.96667,9.5,9.43333,7.38333,False,America/New_York,America/New_York
199,2014-09-04,LGA,MCO,9.43333,12.3,9.3,11.8667,11.8,9.83333,False,America/New_York,America/New_York
1885,2014-09-04,LGA,MCO,9.76667,12.8167,9.66667,12.4,12.3333,10.2833,False,America/New_York,America/New_York
1788,2014-09-04,LGA,MCO,11.5167,14.4667,11.3333,13.9333,13.8167,11.7833,False,America/New_York,America/New_York
2181,2014-09-04,LGA,MCO,17.1,20.0333,17.2667,19.85,19.75,17.65,False,America/New_York,America/New_York
299,2014-09-04,LGA,MCO,17.8667,20.6667,17.7,20.2,20.1333,18,False,America/New_York,America/New_York
1485,2014-09-04,LGA,MCO,19.6833,22.6667,19.5333,22.25,22.15,20.0833,False,America/New_York,America/New_York
499,2014-09-04,LGA,MCO,20.9333,23.65,20.8167,23.4833,23.2833,21.25,False,America/New_York,America/New_York
731,2014-09-04,LGA,DTW,5.93333,8.31667,5.81667,8.2,7.51667,6.18333,False,America/New_York,America/Detroit
2810,2014-09-04,LGA,DTW,6.51667,8.95,6.41667,8.56667,7.9,6.68333,False,America/New_York,America/Detroit
1552,2014-09-04,LGA,DTW,8.93333,11.6333,8.96667,11.5167,10.8167,9.5,False,America/New_York,America/Detroit
3478,2014-09-04,LGA,DTW,9.68333,12.2,9.53333,12.2167,11.4833,10.2,False,America/New_York,America/Detroit
3592,2014-09-04,LGA,DTW,11.1,13.7,10.95,13.5,12.6833,11.3667,False,America/New_York,America/Detroit
1131,2014-09-04,LGA,DTW,12.4333,15.0833,14.3,16.7667,16.1167,14.8333,False,America/New_York,America/Detroit
3631,2014-09-04,LGA,DTW,13.75,16.2667,13.5833,15.8333,15.1667,13.9333,False,America/New_York,America/Detroit
2231,2014-09-04,LGA,DTW,16.4333,19.0833,16.35,19.15,18.4,16.8833,False,America/New_York,America/Detroit
2131,2014-09-04,LGA,DTW,18.7833,21.4833,18.7333,21.5333,20.85,19.6167,False,America/New_York,America/Detroit
3603,2014-09-04,LGA,DTW,19.1833,21.7,19.1,21.45,20.6833,19.4333,False,America/New_York,America/Detroit
904,2014-09-04,LGA,ATL,5.93333,8.43333,5.81667,8.13333,7.95,6.16667,False,America/New_York,America/New_York
24,2014-09-04,LGA,ATL,6.85,9.43333,6.81667,9.15,9.03333,7.16667,False,America/New_York,America/New_York
1547,2014-09-04,LGA,ATL,6.93333,9.46667,6.83333,10.1167,9.73333,7.46667,False,America/New_York,America/New_York
1647,2014-09-04,LGA,ATL,7.91667,10.45,7.95,10.4167,10.2833,8.53333,False,America/New_York,America/New_York
1747,2014-09-04,LGA,ATL,8.91667,11.55,8.83333,11.4167,11.3167,9.46667,False,America/New_York,America/New_York
706,2014-09-04,LGA,ATL,9.43333,12.2667,9.35,11.85,11.7,9.93333,False,America/New_York,America/New_York
1847,2014-09-04,LGA,ATL,9.93333,12.6833,9.88333,12.4667,12.35,10.5667,False,America/New_York,America/New_York
1947,2014-09-04,LGA,ATL,10.9167,13.4833,10.9,13.1833,13.05,11.2833,False,America/New_York,America/New_York
2047,2014-09-04,LGA,ATL,11.9333,14.5667,11.9,14.9333,14.7333,12.35,False,America/New_York,America/New_York
322,2014-09-04,LGA,ATL,12.85,15.6,13.7333,16.05,15.8833,13.9667,False,America/New_York,America/New_York
2147,2014-09-04,LGA,ATL,12.9167,15.55,12.8,15.95,15.8333,13.1333,False,America/New_York,America/New_York
1590,2014-09-04,LGA,ATL,13.9167,16.5333,13.75,16.1667,16.0333,14.1333,False,America/New_York,America/New_York
2347,2014-09-04,LGA,ATL,14.9167,17.6667,14.9167,17.3167,17.2,15.3333,False,America/New_York,America/New_York
419,2014-09-04,LGA,ATL,15.5167,18.2667,16.4333,19.2,18.7667,16.95,False,America/New_York,America/New_York
2447,2014-09-04,LGA,ATL,15.9167,18.5667,16.6667,19.1,18.9167,17.05,False,America/New_York,America/New_York
221,2014-09-04,LGA,ATL,16.9333,19.4833,17.1333,19.55,19.4167,17.5833,False,America/New_York,America/New_York
397,2014-09-04,LGA,ATL,17.1,19.7667,18.1167,20.3667,20.25,18.4833,False,America/New_York,America/New_York
2525,2014-09-04,LGA,ATL,17.4333,20.1167,19.2333,21.5833,21.45,19.6667,False,America/New_York,America/New_York
2496,2014-09-04,LGA,ATL,17.9167,20.5333,18.5667,20.9167,20.6833,18.9833,False,America/New_York,America/New_York
947,2014-09-04,LGA,ATL,18.9167,21.55,19.1667,21.4167,21.2833,19.5,False,America/New_York,America/New_York
1147,2014-09-04,LGA,ATL,19.9333,22.5667,19.9333,22.4333,22.2667,20.5333,False,America/New_York,America/New_York
2969,2014-09-04,LGA,ATL,20.4333,23.1833,21.2833,23.45,23.3167,21.5167,False,America/New_York,America/New_York
5747,2014-09-04,LGA,IAD,5.93333,7.18333,5.83333,6.96667,6.85,6.11667,False,America/New_York,America/New_York
5736,2014-09-04,LGA,IAD,10.0833,11.55,10,11.3833,11.3,10.5,False,America/New_York,America/New_York
4396,2014-09-04,LGA,IAD,14.4167,15.8833,14.5,15.5333,15.4,14.6333,False,America/New_York,America/New_York
5769,2014-09-04,LGA,IAD,19.4333,20.9,19.5,20.8333,20.6833,19.9167,False,America/New_York,America/New_York
1919,2014-09-04,LGA,MSP,6.18333,8.93333,6.1,8.85,7.88333,6.4,False,America/New_York,America/Chicago
2119,2014-09-04,LGA,MSP,8.26667,11.1833,8.28333,11.4167,10.3833,8.75,False,America/New_York,America/Chicago
2319,2014-09-04,LGA,MSP,10.1833,13.2167,10.1667,13.1833,12.1167,10.6333,False,America/New_York,America/Chicago
2219,2014-09-04,LGA,MSP,12.35,15.3833,12.2,15.15,14.15,12.5333,False,America/New_York,America/Chicago
1619,2014-09-04,LGA,MSP,16.2667,19.35,16.2333,18.9667,17.9833,16.4833,False,America/New_York,America/Chicago
2019,2014-09-04,LGA,MSP,17.9333,20.9167,17.8667,20.85,19.8667,18.4667,False,America/New_York,America/Chicago
1951,2014-09-04,LGA,CLT,6.41667,8.31667,6.26667,8.2,8.1,6.73333,False,America/New_York,America/New_York
1937,2014-09-04,LGA,CLT,7.91667,9.83333,12.0833,14.0833,13.9667,12.6333,False,America/New_York,America/New_York
2098,2014-09-04,LGA,CLT,8.6,10.6667,8.81667,10.8333,10.7333,9.41667,False,America/New_York,America/New_York
1882,2014-09-04,LGA,CLT,9.91667,12.1,9.81667,11.95,11.75,10.3833,False,America/New_York,America/New_York
891,2014-09-04,LGA,CLT,11.4167,13.5,11.3333,13.2833,13.1333,11.75,False,America/New_York,America/New_York
1845,2014-09-04,LGA,CLT,12.85,14.9167,12.7333,14.5333,14.3333,13.0167,False,America/New_York,America/New_York
1908,2014-09-04,LGA,CLT,14.7667,16.8,14.7667,16.7167,16.55,15.15,False,America/New_York,America/New_York
1837,2014-09-04,LGA,CLT,15.75,17.7667,15.75,17.8833,17.7667,16.4667,False,America/New_York,America/New_York
5315,2014-09-04,LGA,CLT,16.4333,18.7,16.2833,18.3,18.2167,16.8,False,America/New_York,America/New_York
1851,2014-09-04,LGA,CLT,16.9333,19,17.1333,19.1,19,17.4,False,America/New_York,America/New_York
4931,2014-09-04,LGA,CLT,18.6,20.75,18.5,21.1,21.0167,19.2333,False,America/New_York,America/New_York
890,2014-09-04,LGA,CLT,18.9167,20.9333,18.8333,21.1833,21.1,19.4833,False,America/New_York,America/New_York
3558,2014-09-04,LGA,XNA,6.41667,9.5,6.2,9.13333,7.96667,6.48333,False,America/New_York,America/Chicago
3553,2014-09-04,LGA,XNA,14.9167,18.0833,14.8667,18.0333,16.7667,15.25,False,America/New_York,America/Chicago
371,2014-09-04,LGA,FLL,6.43333,9.38333,6.18333,9.13333,9.06667,6.5,False,America/New_York,America/New_York
2495,2014-09-04,LGA,FLL,9.1,12.3833,9.11667,12.2667,12.2167,9.73333,False,America/New_York,America/New_York
271,2014-09-04,LGA,FLL,9.91667,13.0333,9.7,12.6667,12.6,10.3,False,America/New_York,America/New_York
971,2014-09-04,LGA,FLL,10.6833,13.75,10.5167,13.2833,13.2167,10.8,False,America/New_York,America/New_York
2562,2014-09-04,LGA,FLL,11.0333,14.3,10.9167,13.8333,13.8,11.45,False,America/New_York,America/New_York
1171,2014-09-04,LGA,FLL,14.6833,17.7667,15.5333,18.3667,18.3,15.7667,False,America/New_York,America/New_York
1779,2014-09-04,LGA,FLL,14.9333,18.1667,14.8333,17.55,17.4833,15.1833,False,America/New_York,America/New_York
2381,2014-09-04,LGA,FLL,18.9167,22.1833,18.9333,22.0167,21.9667,19.6,False,America/New_York,America/New_York
1271,2014-09-04,LGA,FLL,19.4333,22.5333,19.7333,22.5833,22.5167,20.1833,False,America/New_York,America/New_York
1371,2014-09-04,LGA,FLL,21.5167,24.3167,21.5167,24.1333,24.0667,21.7667,False,America/New_York,America/New_York
3531,2014-09-04,LGA,RDU,6.68333,8.26667,23.9333,23.9333,23.9333,23.9333,True,America/New_York,America/New_York
3404,2014-09-04,LGA,RDU,8.93333,10.6833,8.8,10.8,10.7333,9.6,False,America/New_York,America/New_York
3466,2014-09-04,LGA,RDU,10.5167,12.1833,10.4,11.9,11.85,10.7333,False,America/New_York,America/New_York
3305,2014-09-04,LGA,RDU,12.9167,14.5833,12.9667,14.45,14.3333,13.3,False,America/New_York,America/New_York
3408,2014-09-04,LGA,RDU,14.9333,16.6,14.7667,16.0833,16.0333,14.95,False,America/New_York,America/New_York
3301,2014-09-04,LGA,RDU,16.5833,18.3333,16.5,18.0667,18.0167,16.85,False,America/New_York,America/New_York
3501,2014-09-04,LGA,RDU,17.9333,19.6,18.5833,20.5667,20.4833,19.3,False,America/New_York,America/New_York
3257,2014-09-04,LGA,RDU,21.2667,22.7667,21.0833,24.2,24.15,21.45,False,America/New_York,America/New_York
343,2014-09-04,LGA,DEN,6.76667,11.0833,6.68333,10.8833,8.65,6.95,False,America/New_York,America/Denver
503,2014-09-04,LGA,DEN,6.88333,11.25,7.7,11.7167,9.51667,8.01667,False,America/New_York,America/Denver
561,2014-09-04,LGA,DEN,7.85,12.1667,7.83333,12.05,9.81667,8.21667,False,America/New_York,America/Denver
2594,2014-09-04,LGA,DEN,8.18333,12.6333,8.13333,12.5,10.2833,8.7,False,America/New_York,America/Denver
442,2014-09-04,LGA,DEN,10.4333,15,10.45,14.5,12.35,10.85,False,America/New_York,America/Denver
405,2014-09-04,LGA,DEN,11.1833,15.65,11.0833,15.1167,12.95,11.4667,False,America/New_York,America/Denver
375,2014-09-04,LGA,DEN,14.55,19.0667,14.5,18.3,16.1333,14.7,False,America/New_York,America/Denver
507,2014-09-04,LGA,DEN,16.4333,20.8333,16.4167,20.5167,18.35,16.7,False,America/New_York,America/Denver
321,2014-09-04,LGA,DEN,16.6833,21.25,16.6833,21.25,18.7333,17.1,False,America/New_York,America/Denver
884,2014-09-04,LGA,DEN,17.1833,21.6833,17.1833,21.4,19.1333,17.6,False,America/New_York,America/Denver
5047,2014-09-04,LGA,CLE,6.93333,8.68333,7.13333,8.66667,8.58333,7.56667,False,America/New_York,America/New_York
4559,2014-09-04,LGA,CLE,8.43333,10.2333,8.33333,10.0833,10,8.93333,False,America/New_York,America/New_York
4120,2014-09-04,LGA,CLE,9.63333,11.4333,9.83333,11.6667,11.5833,10.5333,False,America/New_York,America/New_York
5013,2014-09-04,LGA,CLE,10.85,12.7833,10.6333,12.1333,12.0667,11.0167,False,America/New_York,America/New_York
4199,2014-09-04,LGA,CLE,13.0167,14.8167,12.8833,14.2667,14.1833,13.1167,False,America/New_York,America/New_York
4688,2014-09-04,LGA,CLE,14.4333,16.2333,14.2667,15.75,15.6,14.4333,False,America/New_York,America/New_York
4895,2014-09-04,LGA,CLE,17.4333,19.3,17.3667,18.9333,18.85,17.7667,False,America/New_York,America/New_York
4310,2014-09-04,LGA,CLE,17.9167,19.7167,17.85,19.4667,19.3667,18.2667,False,America/New_York,America/New_York
4314,2014-09-04,LGA,CLE,19.9667,21.7667,20.9333,22.6167,22.5167,21.4,False,America/New_York,America/New_York
3755,2014-09-04,LGA,STL,7.18333,9.76667,7.1,9.56667,8.5,7.43333,False,America/New_York,America/Chicago
2809,2014-09-04,LGA,STL,8.1,10.6833,8.66667,11.1167,10.1167,9.03333,False,America/New_York,America/Chicago
3134,2014-09-04,LGA,STL,9.91667,12.5833,9.78333,12.3667,11.3667,10.3333,False,America/New_York,America/Chicago
2414,2014-09-04,LGA,STL,11.9333,14.7667,11.8167,14.1,13.1333,12.1167,False,America/New_York,America/Chicago
2840,2014-09-04,LGA,STL,14.35,16.9333,14.25,16.2667,15.3,14.4,False,America/New_York,America/Chicago
2811,2014-09-04,LGA,STL,16.7667,19.4333,16.6333,18.9667,17.9333,16.9167,False,America/New_York,America/Chicago
791,2014-09-04,LGA,STL,18.35,20.9333,18.3167,20.7667,19.8,18.7333,False,America/New_York,America/Chicago
461,2014-09-04,LGA,PBI,7.41667,10.2667,7.25,10.05,10.0167,7.65,False,America/New_York,America/New_York
2395,2014-09-04,LGA,PBI,8.01667,11.05,7.93333,10.75,10.6833,8.31667,False,America/New_York,America/New_York
2463,2014-09-04,LGA,PBI,11.4333,14.6333,11.3833,14.05,13.9833,11.7333,False,America/New_York,America/New_York
1161,2014-09-04,LGA,PBI,16.1833,19.2333,16.45,19.25,19.2167,16.9,False,America/New_York,America/New_York
2370,2014-09-04,LGA,PBI,17.9333,21.1167,18.65,21.4333,21.35,19.1333,False,America/New_York,America/New_York
20,2014-09-04,LGA,HOU,7.43333,11.1,7.38333,10.7667,9.78333,7.6,False,America/New_York,America/Chicago
160,2014-09-04,LGA,HOU,10.6833,14.6,10.6,14.0833,13.0833,10.9333,False,America/New_York,America/Chicago
42,2014-09-04,LGA,HOU,12.6,16.4333,12.6,15.9833,14.8833,12.7333,False,America/New_York,America/Chicago
2156,2014-09-04,LGA,HOU,19.2667,23.1,19.2333,22.4667,21.5,19.4167,False,America/New_York,America/Chicago
1717,2014-09-04,LGA,TPA,7.6,10.45,7.41667,9.96667,9.91667,7.66667,False,America/New_York,America/New_York
2417,2014-09-04,LGA,TPA,8.01667,10.9333,8.03333,10.8,10.75,8.5,False,America/New_York,America/New_York
1875,2014-09-04,LGA,TPA,11.5167,14.6667,11.4333,14.2333,14.1833,11.8833,False,America/New_York,America/New_York
1117,2014-09-04,LGA,TPA,15.9333,19.0333,15.85,18.9,18.8,16.2833,False,America/New_York,America/New_York
1762,2014-09-04,LGA,TPA,18.4167,21.45,18.4167,21.1333,21.0833,18.8,False,America/New_York,America/New_York
5048,2014-09-04,LGA,BNA,7.91667,10.45,7.81667,9.83333,8.78333,8.13333,False,America/New_York,America/Chicago
3536,2014-09-04,LGA,BNA,7.91667,10.0833,7.8,9.98333,8.98333,8.26667,False,America/New_York,America/Chicago
2954,2014-09-04,LGA,BNA,8.68333,11.1,8.58333,10.95,9.93333,9.16667,False,America/New_York,America/Chicago
112,2014-09-04,LGA,BNA,11.1,13.6,11.0333,13.1333,12.1167,11.35,False,America/New_York,America/Chicago
3418,2014-09-04,LGA,BNA,11.9167,14.1667,12.8833,14.9667,13.9667,13.2167,False,America/New_York,America/Chicago
3382,2014-09-04,LGA,BNA,16.3333,18.6667,16.45,18.5,17.45,16.7333,False,America/New_York,America/Chicago
183,2014-09-04,LGA,BNA,17.4333,19.9333,17.4333,19.7,18.7167,17.8667,False,America/New_York,America/Chicago
3486,2014-09-04,LGA,BNA,18.2667,20.5167,18.0833,20.3833,19.3333,18.5333,False,America/New_York,America/Chicago
3660,2014-09-04,LGA,BNA,19.85,22.1,19.6667,21.7667,20.7667,20.05,False,America/New_York,America/Chicago
4932,2014-09-04,LGA,BNA,19.9167,22.5167,19.9,22.0333,21.0333,20.2667,False,America/New_York,America/Chicago
5008,2014-09-04,LGA,GSO,7.91667,9.68333,7.9,9.51667,9.45,8.3,False,America/New_York,America/New_York
3564,2014-09-04,LGA,GSO,7.91667,9.66667,7.85,9.56667,9.51667,8.33333,False,America/New_York,America/New_York
3199,2014-09-04,LGA,GSO,14.9333,16.6833,14.8333,16.2667,16.2333,15.0333,False,America/New_York,America/New_York
3384,2014-09-04,LGA,GSO,18.0167,19.7667,17.8333,19.3833,19.35,18.1833,False,America/New_York,America/New_York
5378,2014-09-04,LGA,GSO,18.2667,20.2167,18.15,19.7833,19.7167,18.6333,False,America/New_York,America/New_York
5050,2014-09-04,LGA,MCI,7.93333,11.1833,7.88333,10.8833,9.88333,8.41667,False,America/New_York,America/Chicago
5360,2014-09-04,LGA,MCI,14.9833,18.35,14.9333,17.55,16.5333,15.1667,False,America/New_York,America/Chicago
5011,2014-09-04,LGA,MCI,19.6,23,19.5,22.2667,21.2833,19.85,False,America/New_York,America/Chicago
5515,2014-09-04,LGA,RIC,8.18333,9.93333,8.01667,9.58333,9.5,8.55,False,America/New_York,America/New_York
5380,2014-09-04,LGA,RIC,19.3333,20.9667,20.5833,21.9333,21.85,21.05,False,America/New_York,America/New_York
3407,2014-09-04,LGA,CMH,8.36667,10.1167,8.91667,10.6,10.5333,9.36667,False,America/New_York,America/New_York
5364,2014-09-04,LGA,CMH,8.43333,10.5,8.36667,10.15,10.1,8.9,False,America/New_York,America/New_York
3281,2014-09-04,LGA,CMH,11.4333,13.2667,11.25,12.7833,12.7,11.5333,False,America/New_York,America/New_York
3391,2014-09-04,LGA,CMH,13.4167,15.1667,13.2,14.6667,14.5667,13.4333,False,America/New_York,America/New_York
2995,2014-09-04,LGA,CMH,14.7667,16.5167,14.7333,16.1833,16.0667,14.9167,False,America/New_York,America/New_York
3526,2014-09-04,LGA,CMH,17.5167,19.2667,17.3,19,18.9333,17.8,False,America/New_York,America/New_York
3573,2014-09-04,LGA,CMH,19.9,21.8167,19.7667,21.5,21.4,20.1333,False,America/New_York,America/New_York
2006,2014-09-04,LGA,MSY,8.43333,11.7333,8.33333,11.3333,10.3667,8.81667,False,America/New_York,America/Chicago
3599,2014-09-04,LGA,SDF,8.43333,11.4667,8.6,11.5167,10.6667,9.06667,False,America/New_York,America/Kentucky/Louisville
3608,2014-09-04,LGA,SDF,15.35,18.4667,15.3333,18.2167,17.3333,15.7167,False,America/New_York,America/Kentucky/Louisville
3616,2014-09-04,LGA,SDF,18.6833,21.7167,18.5833,21.4167,20.55,18.9,False,America/New_York,America/Kentucky/Louisville
3556,2014-09-04,LGA,ORF,9.35,10.9333,9.18333,10.85,10.8167,9.91667,False,America/New_York,America/New_York
4975,2014-09-04,LGA,ORF,14.0167,15.5667,13.9,16.9167,16.8667,14.2167,False,America/New_York,America/New_York
3664,2014-09-04,LGA,ORF,16.0833,17.6667,16,17.4,17.1833,16.3,False,America/New_York,America/New_York
5376,2014-09-04,LGA,ORF,18.1833,19.7667,18.1,19.4167,19.3833,18.5667,False,America/New_York,America/New_York
5370,2014-09-04,LGA,CHS,9.41667,11.75,9.26667,11.3667,11.3,9.81667,False,America/New_York,America/New_York
5215,2014-09-04,LGA,CHS,14.9167,17.2667,14.8833,16.8667,16.55,15.0833,False,America/New_York,America/New_York
5366,2014-09-04,LGA,CHS,19.6,21.9833,20.2,22.3,22.2333,20.8,False,America/New_York,America/New_York
5343,2014-09-04,LGA,SYR,9.43333,10.8833,9.26667,10.35,10.3,9.7,False,America/New_York,America/New_York
5367,2014-09-04,LGA,SYR,15.4167,16.8833,15.25,16.15,16.1,15.5,False,America/New_York,America/New_York
5061,2014-09-04,LGA,SYR,21.9167,23.0667,21.7833,22.6667,22.6,22,False,America/New_York,America/New_York
2789,2014-09-04,LGA,ILM,10.85,12.6833,12.4667,13.9333,13.9,12.6833,False,America/New_York,America/New_York
2792,2014-09-04,LGA,CAK,11.4333,13.1833,11.3167,12.7667,12.6833,11.6667,False,America/New_York,America/New_York
2970,2014-09-04,LGA,CAK,16.4333,18.1833,16.3,17.5833,17.55,16.5167,False,America/New_York,America/New_York
597,2014-09-04,LGA,CAK,20.35,22.1,20.3,21.9,21.8167,20.8333,False,America/New_York,America/New_York
5021,2014-09-04,LGA,BTV,11.9333,13.45,11.8167,13.1333,13.0167,12.3167,False,America/New_York,America/New_York
2773,2014-09-04,LGA,CHO,12.1833,13.7667,12.1,13.4,13.3667,12.3667,False,America/New_York,America/New_York
4995,2014-09-04,LGA,CHO,20.6833,22.05,20.6667,22.0167,21.9667,21.15,False,America/New_York,America/New_York
3340,2014-09-04,LGA,TYS,13.1,15.1833,12.9333,15.0333,14.7667,13.25,False,America/New_York,America/New_York
1639,2014-09-04,LGA,RSW,13.25,16.4333,13.15,15.95,15.8833,13.3833,False,America/New_York,America/New_York
431,2014-09-04,LGA,SRQ,13.4333,16.4833,13.2167,16.1667,16.05,13.5833,False,America/New_York,America/New_York
3684,2014-09-04,LGA,DAY,13.85,15.7667,13.8333,15.5833,15.5,14.1667,False,America/New_York,America/New_York
3473,2014-09-04,LGA,DAY,19.2667,21.2667,19.0833,20.9167,20.8333,19.45,False,America/New_York,America/New_York
5389,2014-09-04,LGA,ROC,15.6833,17.2833,15.6667,17.0333,16.95,16.2167,False,America/New_York,America/New_York
5091,2014-09-04,LGA,PIT,16.35,18.1167,16.2833,17.7333,17.5667,16.65,False,America/New_York,America/New_York
5279,2014-09-04,LGA,BUF,16.4333,18.1,16.2833,17.5,17.3167,16.55,False,America/New_York,America/New_York
3349,2014-09-04,LGA,LIT,18.4167,21.0833,18.4667,21.5667,20.55,19.1833,False,America/New_York,America/Chicago
5004,2014-09-04,LGA,CAE,19.4167,21.6833,19.4,21.3667,21.3167,19.8167,False,America/New_York,America/New_York
5029,2014-09-04,LGA,MSN,19.85,22.4667,19.8833,22.3167,21.3333,20.4667,False,America/New_York,America/Chicago
5037,2014-09-04,LGA,SAV,20.0167,22.4167,19.8833,21.95,21.8833,20.2833,False,America/New_York,America/New_York
5377,2014-09-04,LGA,OMA,20.85,24.0333,20.7333,23.6333,22.65,21.2167,False,America/New_York,America/Chicago
5361,2014-09-04,LGA,MHT,21.1833,22.4,21.0333,21.95,21.9,21.3,False,America/New_York,America/New_York
