flight_number,date,origin_airport,destination_airport,scheduled_departure_time,scheduled_arrival_time,actual_departure_time,actual_arrival_time,wheels_on_time,wheels_off_time,cancelled,origin_time_zone,destination_time_zone
5542,2006-03-31,PWM,LGA,5.43333,6.93333,5.41667,6.7,6.6,5.71667,False,America/New_York,America/New_York
5547,2006-03-31,PWM,LGA,15.0167,16.55,15.1,16.7,16.6,15.35,False,America/New_York,America/New_York
5551,2006-03-31,PWM,LGA,19.9167,21.3333,19.85,21.2167,21.1,20.0167,False,America/New_York,America/New_York
4863,2006-03-31,CMH,LGA,5.6,7.25,5.58333,7.08333,6.93333,5.71667,False,America/New_York,America/New_York
4870,2006-03-31,CMH,LGA,8.85,10.5667,8.75,10.2833,10.1833,8.91667,False,America/New_York,America/New_York
4991,2006-03-31,CMH,LGA,10.1,11.85,10.1,11.8,11.6833,10.2667,False,America/New_York,America/New_York
4858,2006-03-31,CMH,LGA,10.6,12.2167,10.5333,12.15,12.0833,10.75,False,America/New_York,America/New_York
4881,2006-03-31,CMH,LGA,13.3333,14.9833,13.35,15.0167,14.85,13.5167,False,America/New_York,America/New_York
4918,2006-03-31,CMH,LGA,17.4667,19.1667,17.9167,19.5667,19.45,18.1,False,America/New_York,America/New_York
4885,2006-03-31,CMH,LGA,20.2667,21.9333,20.1333,21.85,21.65,20.35,False,America/New_York,America/New_York
5599,2006-03-31,SAV,LGA,5.68333,7.9,5.68333,8.43333,7.78333,6.01667,False,America/New_York,America/New_York
5514,2006-03-31,SAV,LGA,12.6,14.6833,12.4333,14.7667,14.5167,12.6,False,America/New_York,America/New_York
4736,2006-03-31,SAV,LGA,18.1833,20.2833,18.0167,20.3333,19.8833,18.1667,False,America/New_York,America/New_York
4867,2006-03-31,BGR,LGA,5.76667,7.26667,5.78333,7.06667,6.76667,5.88333,False,America/New_York,America/New_York
5222,2006-03-31,RDU,LGA,5.76667,7.43333,5.76667,7.36667,7.15,6.03333,False,America/New_York,America/New_York
4751,2006-03-31,RDU,LGA,5.93333,7.51667,5.88333,7.63333,7.43333,6.21667,False,America/New_York,America/New_York
5500,2006-03-31,RDU,LGA,7.43333,9.06667,7.26667,8.76667,8.35,7.4,False,America/New_York,America/New_York
4727,2006-03-31,RDU,LGA,8.01667,9.58333,7.93333,9.38333,9.31667,8.15,False,America/New_York,America/New_York
4728,2006-03-31,RDU,LGA,9.36667,10.9333,9.3,10.6833,10.6333,9.43333,False,America/New_York,America/New_York
4732,2006-03-31,RDU,LGA,10.4167,11.9333,23.9333,23.9333,23.9333,23.9333,True,America/New_York,America/New_York
5489,2006-03-31,RDU,LGA,10.6,12.15,10.4333,12.4167,11.9,10.6333,False,America/New_York,America/New_York
4734,2006-03-31,RDU,LGA,11.4333,12.9333,11.3333,12.8,12.7167,11.55,False,America/New_York,America/New_York
4737,2006-03-31,RDU,LGA,12.3667,13.9167,12.2833,13.6667,13.5667,12.4667,False,America/New_York,America/New_York
4730,2006-03-31,RDU,LGA,13.4,14.9333,13.3167,14.9667,14.7833,13.6,False,America/New_York,America/New_York
4741,2006-03-31,RDU,LGA,14.6833,16.2667,14.6333,16.1,16,14.85,False,America/New_York,America/New_York
5507,2006-03-31,RDU,LGA,15.0167,16.65,23.9333,23.9333,23.9333,23.9333,True,America/New_York,America/New_York
4745,2006-03-31,RDU,LGA,16.25,17.85,16.2,17.9833,17.5833,16.4167,False,America/New_York,America/New_York
5293,2006-03-31,RDU,LGA,17.6833,19.2667,17.6833,19.45,19.2333,18,False,America/New_York,America/New_York
4735,2006-03-31,RDU,LGA,19.7667,21.3,19.65,21.1833,21.0667,19.8667,False,America/New_York,America/New_York
398,2006-03-31,ORD,LGA,6.85,8.93333,6.76667,8.73333,9.6,6.98333,False,America/Chicago,America/New_York
668,2006-03-31,ORD,LGA,6.85,9,24.85,47.9333,24.85,24.85,True,America/Chicago,America/New_York
394,2006-03-31,ORD,LGA,7.85,9.95,7.78333,10.1,10.8,8.13333,False,America/Chicago,America/New_York
670,2006-03-31,ORD,LGA,7.85,10.0167,7.9,10.1833,11.0167,8.26667,False,America/Chicago,America/New_York
390,2006-03-31,ORD,LGA,8.85,11,9.8,11.8833,12.75,10.0333,False,America/Chicago,America/New_York
672,2006-03-31,ORD,LGA,8.93333,11.15,9.13333,11.1167,11.9667,9.35,False,America/Chicago,America/New_York
386,2006-03-31,ORD,LGA,9.85,12.0167,9.93333,12.1,12.9667,10.2833,False,America/Chicago,America/New_York
674,2006-03-31,ORD,LGA,9.85,12.0333,9.73333,11.9833,12.85,10.0667,False,America/Chicago,America/New_York
382,2006-03-31,ORD,LGA,10.85,12.9333,10.8,12.8167,13.6667,10.9667,False,America/Chicago,America/New_York
676,2006-03-31,ORD,LGA,10.85,13,10.8333,13.0167,13.8833,11.1167,False,America/Chicago,America/New_York
378,2006-03-31,ORD,LGA,11.85,13.9833,11.8,14.0833,14.8667,12.1833,False,America/Chicago,America/New_York
678,2006-03-31,ORD,LGA,11.85,14.0833,11.8167,14.3667,15.2167,12.4333,False,America/Chicago,America/New_York
374,2006-03-31,ORD,LGA,12.85,15,12.8,15.2833,16.1167,13.4667,False,America/Chicago,America/New_York
680,2006-03-31,ORD,LGA,12.85,15.0833,12.7833,15.1833,16.0333,13.35,False,America/Chicago,America/New_York
682,2006-03-31,ORD,LGA,13.7667,15.9833,13.8667,16.1167,16.9333,14.2833,False,America/Chicago,America/New_York
370,2006-03-31,ORD,LGA,13.85,15.9333,13.8667,16.05,16.8833,14.2333,False,America/Chicago,America/New_York
684,2006-03-31,ORD,LGA,14.7667,17.15,24.85,47.9333,24.85,24.85,True,America/Chicago,America/New_York
366,2006-03-31,ORD,LGA,14.85,17.1667,15.2167,17.5667,18.3833,15.7667,False,America/Chicago,America/New_York
362,2006-03-31,ORD,LGA,15.85,18.1833,17.0333,19.2,20.0667,17.2333,False,America/Chicago,America/New_York
686,2006-03-31,ORD,LGA,15.85,18.2333,16.4,18.4333,19.3,16.6667,False,America/Chicago,America/New_York
360,2006-03-31,ORD,LGA,16.35,18.7,17.9833,20,20.85,18.1667,False,America/Chicago,America/New_York
358,2006-03-31,ORD,LGA,16.85,19.2,18.15,20.3,21.05,18.35,False,America/Chicago,America/New_York
688,2006-03-31,ORD,LGA,16.85,19.25,18.0667,20.4,21.2333,18.4167,False,America/Chicago,America/New_York
354,2006-03-31,ORD,LGA,17.85,20.1667,19.2333,21.55,22.3667,19.4667,False,America/Chicago,America/New_York
690,2006-03-31,ORD,LGA,17.85,20.2667,19.95,22.0167,22.8667,20.1167,False,America/Chicago,America/New_York
352,2006-03-31,ORD,LGA,18.35,20.6833,19.8,21.85,22.7167,19.9833,False,America/Chicago,America/New_York
350,2006-03-31,ORD,LGA,18.85,21.1667,21.1667,23.0833,23.9333,21.3667,False,America/Chicago,America/New_York
692,2006-03-31,ORD,LGA,18.85,21.2,21.3167,23.2333,24.1,21.55,False,America/Chicago,America/New_York
346,2006-03-31,ORD,LGA,19.85,22.1167,22.5167,24.3667,25.2333,22.7167,False,America/Chicago,America/New_York
694,2006-03-31,ORD,LGA,19.85,22.0833,21.6833,23.75,24.6,22,False,America/Chicago,America/New_York
342,2006-03-31,ORD,LGA,20.85,23.0667,24.3833,26.45,27.3,24.7167,False,America/Chicago,America/New_York
836,2006-03-31,ORD,LGA,21.6,23.6167,22.2333,24.2667,25.1,22.5167,False,America/Chicago,America/New_York
336,2006-03-31,ORD,LGA,22.35,24.3833,24.85,47.9333,24.85,24.85,True,America/Chicago,America/New_York
2028,2006-03-31,STL,LGA,6.85,9.23333,6.98333,9.25,10.0833,7.16667,False,America/Chicago,America/New_York
840,2006-03-31,STL,LGA,11.7167,14.1167,11.6167,13.9833,14.75,11.7667,False,America/Chicago,America/New_York
576,2006-03-31,STL,LGA,13.6833,16.1167,13.6333,16.0667,16.8,13.8833,False,America/Chicago,America/New_York
698,2006-03-31,STL,LGA,16.7833,19.2167,16.8667,19.4,20.2,17.0833,False,America/Chicago,America/New_York
516,2006-03-31,STL,LGA,18.6833,21.1833,18.6333,21.1667,22.0167,18.85,False,America/Chicago,America/New_York
1905,2006-03-31,BOS,LGA,5.93333,6.91667,5.88333,6.9,6.83333,6.2,False,America/New_York,America/New_York
2115,2006-03-31,BOS,LGA,5.93333,7.06667,5.83333,6.78333,6.66667,6,False,America/New_York,America/New_York
1907,2006-03-31,BOS,LGA,6.43333,7.66667,6.36667,7.43333,7.4,6.63333,False,America/New_York,America/New_York
4806,2006-03-31,BOS,LGA,6.93333,8.33333,6.81667,7.98333,7.88333,7.11667,False,America/New_York,America/New_York
2117,2006-03-31,BOS,LGA,6.93333,8.08333,6.88333,7.93333,7.81667,7.1,False,America/New_York,America/New_York
1909,2006-03-31,BOS,LGA,7.43333,8.66667,7.33333,8.43333,8.35,7.71667,False,America/New_York,America/New_York
2197,2006-03-31,BOS,LGA,7.43333,8.61667,7.33333,8.33333,8.23333,7.55,False,America/New_York,America/New_York
4808,2006-03-31,BOS,LGA,7.93333,9.25,7.86667,8.91667,8.83333,8.16667,False,America/New_York,America/New_York
2119,2006-03-31,BOS,LGA,7.93333,9.11667,7.85,8.95,8.81667,8.11667,False,America/New_York,America/New_York
1911,2006-03-31,BOS,LGA,8.43333,9.7,8.4,9.43333,9.38333,8.68333,False,America/New_York,America/New_York
4810,2006-03-31,BOS,LGA,8.93333,10.2,8.83333,9.91667,9.85,9.21667,False,America/New_York,America/New_York
2121,2006-03-31,BOS,LGA,8.93333,10.0833,8.86667,9.91667,9.76667,9.1,False,America/New_York,America/New_York
1913,2006-03-31,BOS,LGA,9.43333,10.6,9.41667,10.4167,10.3667,9.7,False,America/New_York,America/New_York
4812,2006-03-31,BOS,LGA,9.93333,11.2333,9.85,11.0167,10.8667,10.15,False,America/New_York,America/New_York
2123,2006-03-31,BOS,LGA,9.93333,11.0333,9.86667,10.9167,10.7667,10.1,False,America/New_York,America/New_York
1915,2006-03-31,BOS,LGA,10.4333,11.55,10.4,11.3667,11.3167,10.6167,False,America/New_York,America/New_York
4814,2006-03-31,BOS,LGA,10.9333,12.1833,10.9,11.9833,11.9167,11.2,False,America/New_York,America/New_York
2125,2006-03-31,BOS,LGA,10.9333,12.05,10.8333,11.8667,11.7667,10.9833,False,America/New_York,America/New_York
1917,2006-03-31,BOS,LGA,11.4333,12.55,11.3667,12.4167,12.3667,11.7333,False,America/New_York,America/New_York
2127,2006-03-31,BOS,LGA,11.9333,13.0333,11.8333,12.7667,12.6667,12.0167,False,America/New_York,America/New_York
1919,2006-03-31,BOS,LGA,12.4333,13.5,12.3833,13.4,13.35,12.6667,False,America/New_York,America/New_York
2129,2006-03-31,BOS,LGA,12.9333,14.0333,12.8667,13.8333,13.75,13.1167,False,America/New_York,America/New_York
1921,2006-03-31,BOS,LGA,13.4333,14.65,13.4167,14.45,14.4167,13.6833,False,America/New_York,America/New_York
4816,2006-03-31,BOS,LGA,13.9333,15.2333,13.8667,15.2167,14.8333,14.1167,False,America/New_York,America/New_York
2131,2006-03-31,BOS,LGA,13.9333,15.0333,13.8333,14.9333,14.7667,13.9667,False,America/New_York,America/New_York
1923,2006-03-31,BOS,LGA,14.4333,15.6333,14.4333,15.4167,15.35,14.7167,False,America/New_York,America/New_York
2133,2006-03-31,BOS,LGA,14.9333,16.05,14.8333,15.8,15.7167,15.0167,False,America/New_York,America/New_York
1925,2006-03-31,BOS,LGA,15.4333,16.6167,15.4,16.3833,16.3333,15.7,False,America/New_York,America/New_York
4818,2006-03-31,BOS,LGA,15.9333,17.2167,15.9,16.8333,16.75,16.0667,False,America/New_York,America/New_York
2135,2006-03-31,BOS,LGA,15.9333,17.05,15.85,16.7667,16.6667,16,False,America/New_York,America/New_York
1927,2006-03-31,BOS,LGA,16.4333,17.6167,16.4,17.4333,17.3667,16.7333,False,America/New_York,America/New_York
4820,2006-03-31,BOS,LGA,16.9333,18.2667,17.6667,19.0333,18.5833,17.9167,False,America/New_York,America/New_York
2137,2006-03-31,BOS,LGA,16.9333,18.1,16.85,17.75,17.6667,17.0333,False,America/New_York,America/New_York
1929,2006-03-31,BOS,LGA,17.4333,18.65,17.4,18.4833,18.4333,17.7333,False,America/New_York,America/New_York
2139,2006-03-31,BOS,LGA,17.9333,19.1333,17.8833,18.8833,18.8,18.1333,False,America/New_York,America/New_York
1931,2006-03-31,BOS,LGA,18.4333,19.6833,18.4167,19.55,19.4667,18.75,False,America/New_York,America/New_York
4823,2006-03-31,BOS,LGA,18.9333,20.2833,18.9167,20.1833,19.95,19.2667,False,America/New_York,America/New_York
2141,2006-03-31,BOS,LGA,18.9333,20.1167,18.8333,19.8667,19.7333,19.05,False,America/New_York,America/New_York
1933,2006-03-31,BOS,LGA,19.4333,20.55,23.9333,23.9333,23.9333,23.9333,True,America/New_York,America/New_York
2143,2006-03-31,BOS,LGA,19.9333,21.1,19.8833,21.0167,20.9167,20.1667,False,America/New_York,America/New_York
1935,2006-03-31,BOS,LGA,20.4333,21.5833,20.35,21.3333,21.2667,20.5833,False,America/New_York,America/New_York
5376,2006-03-31,CHS,LGA,5.93333,7.83333,5.68333,8.1,7.6,5.81667,False,America/New_York,America/New_York
5911,2006-03-31,CHS,LGA,10.25,12.1167,10.25,12.6333,11.9833,10.35,False,America/New_York,America/New_York
5392,2006-03-31,CHS,LGA,17.4333,19.4667,17.4333,19.5833,19.4,17.7333,False,America/New_York,America/New_York
5618,2006-03-31,DCA,LGA,5.93333,6.91667,5.88333,6.85,6.76667,6.08333,False,America/New_York,America/New_York
2158,2006-03-31,DCA,LGA,5.93333,6.93333,5.85,6.8,6.7,6,False,America/New_York,America/New_York
1940,2006-03-31,DCA,LGA,6.76667,7.86667,7.18333,8.16667,8.1,7.4,False,America/New_York,America/New_York
4795,2006-03-31,DCA,LGA,6.93333,8.2,6.88333,8,7.91667,7.11667,False,America/New_York,America/New_York
2160,2006-03-31,DCA,LGA,6.93333,8.01667,6.85,7.93333,7.83333,7.05,False,America/New_York,America/New_York
1942,2006-03-31,DCA,LGA,7.43333,8.41667,23.9333,23.9333,23.9333,23.9333,True,America/New_York,America/New_York
4797,2006-03-31,DCA,LGA,7.93333,9.15,7.81667,8.83333,8.78333,8.01667,False,America/New_York,America/New_York
2162,2006-03-31,DCA,LGA,7.93333,9.01667,7.85,8.75,8.66667,7.98333,False,America/New_York,America/New_York
1944,2006-03-31,DCA,LGA,8.43333,9.41667,8.41667,9.46667,9.41667,8.66667,False,America/New_York,America/New_York
4798,2006-03-31,DCA,LGA,8.93333,10.1667,8.9,9.85,9.78333,9.08333,False,America/New_York,America/New_York
2164,2006-03-31,DCA,LGA,8.93333,10.0833,8.9,10.0667,9.93333,9.21667,False,America/New_York,America/New_York
1946,2006-03-31,DCA,LGA,9.43333,10.4167,9.41667,10.3,10.2333,9.61667,False,America/New_York,America/New_York
2166,2006-03-31,DCA,LGA,9.93333,11.1,9.86667,10.7833,10.6833,10,False,America/New_York,America/New_York
1948,2006-03-31,DCA,LGA,10.4333,11.55,10.4167,11.4,11.3667,10.65,False,America/New_York,America/New_York
2168,2006-03-31,DCA,LGA,10.9333,12.0333,11.0667,12.1167,12.05,11.3167,False,America/New_York,America/New_York
1950,2006-03-31,DCA,LGA,11.4333,12.45,11.3833,12.35,12.3167,11.5833,False,America/New_York,America/New_York
4800,2006-03-31,DCA,LGA,11.9333,13.1167,11.9,13.1,12.9333,12.1167,False,America/New_York,America/New_York
2170,2006-03-31,DCA,LGA,11.9333,12.9167,11.8667,12.8833,12.7667,12.0333,False,America/New_York,America/New_York
1952,2006-03-31,DCA,LGA,12.4333,13.4833,12.45,13.35,13.2833,12.6,False,America/New_York,America/New_York
2172,2006-03-31,DCA,LGA,12.9333,14.1,12.85,14.3833,14.2667,13.4667,False,America/New_York,America/New_York
1954,2006-03-31,DCA,LGA,13.4333,14.7667,13.3667,14.3667,14.3333,13.5333,False,America/New_York,America/New_York
2174,2006-03-31,DCA,LGA,13.9333,15.0833,13.95,15.05,14.9333,14.1333,False,America/New_York,America/New_York
1956,2006-03-31,DCA,LGA,14.4333,15.5833,14.3667,15.4667,15.4167,14.7333,False,America/New_York,America/New_York
4786,2006-03-31,DCA,LGA,14.4333,15.6333,15.0667,16.15,16.0833,15.3667,False,America/New_York,America/New_York
2176,2006-03-31,DCA,LGA,14.9333,16.0667,14.8667,15.85,15.7667,15.0167,False,America/New_York,America/New_York
1958,2006-03-31,DCA,LGA,15.4333,16.6333,15.4333,16.8167,16.7667,16.05,False,America/New_York,America/New_York
4790,2006-03-31,DCA,LGA,15.9333,17.2667,16.4167,17.4,17.3,16.6,False,America/New_York,America/New_York
2178,2006-03-31,DCA,LGA,15.9333,17.0167,15.8667,17.0667,16.9167,16.15,False,America/New_York,America/New_York
1960,2006-03-31,DCA,LGA,16.4333,17.6,16.4833,17.3667,17.3167,16.6667,False,America/New_York,America/New_York
4792,2006-03-31,DCA,LGA,16.9333,18.2667,18.25,19.4667,19.35,18.5333,False,America/New_York,America/New_York
2180,2006-03-31,DCA,LGA,16.9333,18.1333,16.8667,18.3833,18.2833,17.4833,False,America/New_York,America/New_York
1962,2006-03-31,DCA,LGA,17.4333,18.6167,17.4167,18.5167,18.4667,17.7167,False,America/New_York,America/New_York
2182,2006-03-31,DCA,LGA,17.9333,19.15,17.85,18.85,18.7667,18.0167,False,America/New_York,America/New_York
1964,2006-03-31,DCA,LGA,18.4333,19.4167,18.4167,19.5667,19.5,18.7833,False,America/New_York,America/New_York
4794,2006-03-31,DCA,LGA,18.9167,20.2333,18.9833,20.35,20.2667,19.4833,False,America/New_York,America/New_York
2184,2006-03-31,DCA,LGA,18.9333,20.1,18.85,20.35,20.25,19.4333,False,America/New_York,America/New_York
1966,2006-03-31,DCA,LGA,19.4333,20.6167,19.4,21.3833,21.3167,20.45,False,America/New_York,America/New_York
2186,2006-03-31,DCA,LGA,19.9333,21.0333,19.9833,21.4667,21.3667,20.55,False,America/New_York,America/New_York
1968,2006-03-31,DCA,LGA,20.4333,21.55,20.4333,21.5667,21.4833,20.65,False,America/New_York,America/New_York
2188,2006-03-31,DCA,LGA,20.9333,22.0167,21.5667,22.6667,22.5667,21.85,False,America/New_York,America/New_York
4943,2006-03-31,TYS,LGA,5.93333,8.13333,5.93333,8.25,7.75,6.01667,False,America/New_York,America/New_York
370,2006-03-31,FLL,LGA,6.01667,8.93333,5.95,8.66667,8.6,6.15,False,America/New_York,America/New_York
2053,2006-03-31,FLL,LGA,8.4,11.2667,8.5,11.25,11.0833,8.71667,False,America/New_York,America/New_York
372,2006-03-31,FLL,LGA,9.76667,12.6833,9.81667,12.6167,12.5333,10.0333,False,America/New_York,America/New_York
804,2006-03-31,FLL,LGA,11,13.9667,10.8167,13.6833,13.65,11.2333,False,America/New_York,America/New_York
376,2006-03-31,FLL,LGA,12.4333,15.5167,12.3667,15.5,15.3833,12.8667,False,America/New_York,America/New_York
2023,2006-03-31,FLL,LGA,12.5167,15.55,12.4,15.4667,15.2667,12.8167,False,America/New_York,America/New_York
626,2006-03-31,FLL,LGA,14.7667,17.7833,14.7,17.6833,17.4167,14.95,False,America/New_York,America/New_York
260,2006-03-31,FLL,LGA,17.1,19.95,17.0833,20.0833,19.9667,17.4,False,America/New_York,America/New_York
2086,2006-03-31,FLL,LGA,17.6,20.6,17.6333,20.5667,20.4,17.95,False,America/New_York,America/New_York
378,2006-03-31,FLL,LGA,17.9333,20.9333,17.9167,20.9333,20.75,18.1833,False,America/New_York,America/New_York
198,2006-03-31,FLL,LGA,19.2667,22.1667,19.3333,22.3167,22.1833,19.6167,False,America/New_York,America/New_York
1520,2006-03-31,FLL,LGA,19.5333,22.4,19.75,22.5667,22.4667,19.95,False,America/New_York,America/New_York
382,2006-03-31,FLL,LGA,20.1,23.0167,19.9333,22.8333,22.6167,20.2,False,America/New_York,America/New_York
1978,2006-03-31,FLL,LGA,20.1833,23.0833,20.5167,23.5667,23.2167,20.8,False,America/New_York,America/New_York
4877,2006-03-31,DTW,LGA,6.7,7.86667,6.63333,7.66667,8.15,6.78333,False,America/Detroit,America/New_York
526,2006-03-31,DTW,LGA,7.11667,8.2,7.13333,8.26667,8.65,7.38333,False,America/Detroit,America/New_York
540,2006-03-31,DTW,LGA,9.3,10.4333,9.35,10.3167,10.8167,9.53333,False,America/Detroit,America/New_York
542,2006-03-31,DTW,LGA,10.7333,11.75,10.7333,11.8667,12.35,11.0167,False,America/Detroit,America/New_York
4884,2006-03-31,DTW,LGA,11.7333,12.8667,11.6333,12.6167,13.1667,11.8333,False,America/Detroit,America/New_York
1826,2006-03-31,DTW,LGA,12.5667,13.55,12.6167,13.7167,14.0833,12.8333,False,America/Detroit,America/New_York
4868,2006-03-31,DTW,LGA,13.4667,14.6,13.4667,14.5167,15.05,13.7,False,America/Detroit,America/New_York
427,2006-03-31,DTW,LGA,14.2,15.3,14.1333,15.1833,15.6167,14.3667,False,America/Detroit,America/New_York
530,2006-03-31,DTW,LGA,15.7333,16.9167,16,17.15,17.5333,16.2167,False,America/Detroit,America/New_York
4883,2006-03-31,DTW,LGA,15.9833,17.15,15.9,16.8333,17.3333,16.05,False,America/Detroit,America/New_York
210,2006-03-31,DTW,LGA,17.6,18.8,17.9,19.05,19.5167,18.2,False,America/Detroit,America/New_York
4861,2006-03-31,DTW,LGA,18.4,19.6167,18.2833,19.5,19.9333,18.5167,False,America/Detroit,America/New_York
538,2006-03-31,DTW,LGA,19.85,20.9333,19.85,20.9667,21.4,20.0667,False,America/Detroit,America/New_York
262,2006-03-31,DTW,LGA,21.9667,22.9667,23.5167,24.35,24.85,23.7,False,America/Detroit,America/New_York
4224,2006-03-31,MDW,LGA,7.1,9.16667,7.08333,9.26667,10.0667,7.28333,False,America/Chicago,America/New_York
4204,2006-03-31,MDW,LGA,9.23333,11.3167,9.26667,11.3333,12.1833,9.56667,False,America/Chicago,America/New_York
4228,2006-03-31,MDW,LGA,11.8167,13.9167,11.7833,13.7333,14.6,11.9333,False,America/Chicago,America/New_York
4220,2006-03-31,MDW,LGA,13.3167,15.3833,13.2,15.3167,16.1333,13.4833,False,America/Chicago,America/New_York
4202,2006-03-31,MDW,LGA,15.6,17.7667,15.6,17.85,18.6833,15.9,False,America/Chicago,America/New_York
4216,2006-03-31,MDW,LGA,16.9333,19.1,16.9167,19.1,19.9,17.1667,False,America/Chicago,America/New_York
4206,2006-03-31,MDW,LGA,18.1833,20.3,18.1667,20.3167,21.1167,18.3667,False,America/Chicago,America/New_York
4226,2006-03-31,MDW,LGA,19.5167,21.6333,20.45,22.7833,23.4167,20.75,False,America/Chicago,America/New_York
4208,2006-03-31,MDW,LGA,20.0167,22.1333,20,22.2,23.0167,20.1667,False,America/Chicago,America/New_York
4886,2006-03-31,CLE,LGA,6.26667,7.85,6.1,7.6,7.46667,6.26667,False,America/New_York,America/New_York
1750,2006-03-31,CLE,LGA,7.51667,9.06667,7.36667,8.85,8.75,7.56667,False,America/New_York,America/New_York
450,2006-03-31,CLE,LGA,8.51667,10.0667,8.36667,9.78333,9.7,8.6,False,America/New_York,America/New_York
4889,2006-03-31,CLE,LGA,10.1833,11.7667,10.0167,11.6,11.4,10.2333,False,America/New_York,America/New_York
3247,2006-03-31,CLE,LGA,10.9333,12.5,10.9167,12.3333,12.2667,11.0833,False,America/New_York,America/New_York
2467,2006-03-31,CLE,LGA,12.4333,13.9167,12.5667,14.3,14.1333,12.8667,False,America/New_York,America/New_York
4828,2006-03-31,CLE,LGA,14.6167,16.2333,14.6,16.1833,16.1167,14.8833,False,America/New_York,America/New_York
1450,2006-03-31,CLE,LGA,15.1833,16.9167,15.6833,17.35,17.2667,16.0167,False,America/New_York,America/New_York
2607,2006-03-31,CLE,LGA,16.9333,18.5667,16.9167,18.6,18.5167,17.2333,False,America/New_York,America/New_York
4888,2006-03-31,CLE,LGA,18.4333,20.05,18.3333,19.8667,19.8167,18.45,False,America/New_York,America/New_York
1050,2006-03-31,CLE,LGA,18.7167,20.4167,18.6167,20.2833,20.1,18.8333,False,America/New_York,America/New_York
3145,2006-03-31,CLE,LGA,20.4333,21.9333,20.2833,21.9333,21.7167,20.4833,False,America/New_York,America/New_York
5259,2006-03-31,RIC,LGA,6.3,7.68333,6.13333,7.61667,7.51667,6.43333,False,America/New_York,America/New_York
5261,2006-03-31,RIC,LGA,10.25,11.45,10.25,11.5833,11.4167,10.45,False,America/New_York,America/New_York
5266,2006-03-31,RIC,LGA,15.6,16.85,15.5667,16.8167,16.65,15.7833,False,America/New_York,America/New_York
1402,2006-03-31,MIA,LGA,6.41667,9.25,6.4,9.21667,9.11667,6.68333,False,America/New_York,America/New_York
2052,2006-03-31,MIA,LGA,8.61667,11.4333,8.55,11.3,11.25,8.85,False,America/New_York,America/New_York
1934,2006-03-31,MIA,LGA,10.65,13.4833,10.65,13.2667,13.2,10.8167,False,America/New_York,America/New_York
1442,2006-03-31,MIA,LGA,11.3333,13.9167,11.25,14.3833,14.1667,11.5,False,America/New_York,America/New_York
1348,2006-03-31,MIA,LGA,11.5333,14.4333,12.1167,15.0167,14.95,12.3833,False,America/New_York,America/New_York
1548,2006-03-31,MIA,LGA,12.5667,15.4333,12.5833,15.4,15.3167,12.8333,False,America/New_York,America/New_York
932,2006-03-31,MIA,LGA,13.5167,16.4167,13.6167,16.35,16.3,13.85,False,America/New_York,America/New_York
670,2006-03-31,MIA,LGA,15.5667,18.4333,16.15,19.2333,19.1667,16.5,False,America/New_York,America/New_York
1886,2006-03-31,MIA,LGA,16.4833,19.45,16.4,19.3833,19.3,16.65,False,America/New_York,America/New_York
1072,2006-03-31,MIA,LGA,17.7667,20.7333,17.7833,20.6333,20.5833,17.9333,False,America/New_York,America/New_York
1787,2006-03-31,MIA,LGA,18.9167,21.9333,18.8167,21.9167,21.7667,19.1333,False,America/New_York,America/New_York
2068,2006-03-31,MIA,LGA,20.1167,23,20.2,23,22.9333,20.45,False,America/New_York,America/New_York
700,2006-03-31,DFW,LGA,7.35,10.7667,7.26667,10.5333,11.3833,7.5,False,America/Chicago,America/New_York
704,2006-03-31,DFW,LGA,8.53333,11.8833,8.36667,11.6667,12.5167,8.6,False,America/Chicago,America/New_York
708,2006-03-31,DFW,LGA,9.51667,12.85,9.4,12.6,13.4167,9.55,False,America/Chicago,America/New_York
710,2006-03-31,DFW,LGA,10.5667,13.95,10.45,13.7167,14.5167,10.6833,False,America/Chicago,America/New_York
712,2006-03-31,DFW,LGA,11.7667,15.1833,12.8333,16.0167,16.7667,13.0333,False,America/Chicago,America/New_York
728,2006-03-31,DFW,LGA,12.5833,16.1167,12.4833,15.7833,16.5833,12.6833,False,America/Chicago,America/New_York
732,2006-03-31,DFW,LGA,13.5167,16.9167,13.65,17.1833,17.7333,13.9333,False,America/Chicago,America/New_York
736,2006-03-31,DFW,LGA,14.6833,18.2167,14.7167,18.2167,18.9167,14.9833,False,America/Chicago,America/New_York
740,2006-03-31,DFW,LGA,15.35,18.9167,15.65,18.9833,19.75,15.8833,False,America/Chicago,America/New_York
742,2006-03-31,DFW,LGA,16.35,19.8,16.4667,19.8333,20.6833,16.6667,False,America/Chicago,America/New_York
744,2006-03-31,DFW,LGA,17.2333,20.7167,17.2833,20.7167,21.5667,17.45,False,America/Chicago,America/New_York
750,2006-03-31,DFW,LGA,18.2333,21.6667,19.2667,22.4,23.25,19.45,False,America/Chicago,America/New_York
766,2006-03-31,DFW,LGA,19.5333,22.9333,19.8833,23.0667,23.9167,20.1333,False,America/Chicago,America/New_York
774,2006-03-31,DFW,LGA,21.6,24.8,21.6167,24.7333,25.5833,21.8667,False,America/Chicago,America/New_York
1030,2006-03-31,MCI,LGA,7.35,10.1,7.31667,10.05,10.8833,7.48333,False,America/Chicago,America/New_York
556,2006-03-31,MCI,LGA,14.8833,17.6833,14.7667,17.7667,18.45,15.0333,False,America/Chicago,America/New_York
474,2006-03-31,ATL,LGA,6.43333,8.61667,6.43333,8.58333,8.4,6.66667,False,America/New_York,America/New_York
1142,2006-03-31,ATL,LGA,6.91667,8.91667,6.96667,8.98333,8.93333,7.2,False,America/New_York,America/New_York
504,2006-03-31,ATL,LGA,7.43333,9.6,7.46667,9.63333,9.43333,7.68333,False,America/New_York,America/New_York
360,2006-03-31,ATL,LGA,8.18333,10.3833,8.13333,10.25,10.1333,8.4,False,America/New_York,America/New_York
506,2006-03-31,ATL,LGA,8.43333,10.7167,8.45,10.6333,10.5167,8.7,False,America/New_York,America/New_York
353,2006-03-31,ATL,LGA,9.18333,11.4833,9.25,11.4833,11.3333,9.53333,False,America/New_York,America/New_York
424,2006-03-31,ATL,LGA,9.43333,11.6667,9.4,11.7833,11.65,9.71667,False,America/New_York,America/New_York
364,2006-03-31,ATL,LGA,10.1833,12.35,10.1667,12.5333,12.45,10.6333,False,America/New_York,America/New_York
921,2006-03-31,ATL,LGA,10.4333,12.75,10.85,13.25,13.1167,11.3,False,America/New_York,America/New_York
2370,2006-03-31,ATL,LGA,10.7667,13,10.7,13.1,13.0333,11.1667,False,America/New_York,America/New_York
371,2006-03-31,ATL,LGA,11.1,13.35,11.1167,13.4667,13.4,11.6167,False,America/New_York,America/New_York
338,2006-03-31,ATL,LGA,11.4333,13.7,11.5667,13.9,13.7,11.9,False,America/New_York,America/New_York
4859,2006-03-31,ATL,LGA,11.9333,14.25,11.85,14.2167,14.1,12.1667,False,America/New_York,America/New_York
366,2006-03-31,ATL,LGA,12.25,14.4167,12.2333,14.6333,14.5167,12.6,False,America/New_York,America/New_York
458,2006-03-31,ATL,LGA,12.4333,14.7667,12.4333,14.9667,14.6667,12.8167,False,America/New_York,America/New_York
355,2006-03-31,ATL,LGA,12.9333,15.1,12.9833,15.35,15.15,13.3,False,America/New_York,America/New_York
874,2006-03-31,ATL,LGA,13.4333,15.7,13.4167,15.7333,15.6,13.7167,False,America/New_York,America/New_York
1718,2006-03-31,ATL,LGA,14.4333,16.6667,14.5167,16.7833,16.5833,14.75,False,America/New_York,America/New_York
376,2006-03-31,ATL,LGA,15.05,17.25,15.2667,17.3667,17.2833,15.45,False,America/New_York,America/New_York
876,2006-03-31,ATL,LGA,15.4333,17.7333,15.6,18.3333,18.1167,16,False,America/New_York,America/New_York
4866,2006-03-31,ATL,LGA,15.4333,17.7667,15.3,17.4667,17.3833,15.55,False,America/New_York,America/New_York
1106,2006-03-31,ATL,LGA,16.4333,18.7833,16.8167,19.0667,18.95,17.1,False,America/New_York,America/New_York
1601,2006-03-31,ATL,LGA,17.4333,19.8667,17.6667,20.2167,20.0333,18.1667,False,America/New_York,America/New_York
372,2006-03-31,ATL,LGA,17.9,20.2667,17.9167,20.6833,20.1667,18.3167,False,America/New_York,America/New_York
2394,2006-03-31,ATL,LGA,18.2833,20.55,18.2333,20.55,20.3667,18.5,False,America/New_York,America/New_York
602,2006-03-31,ATL,LGA,18.4333,20.9333,18.6,21.1333,20.9333,19.0333,False,America/New_York,America/New_York
844,2006-03-31,ATL,LGA,19.4333,21.7333,19.4833,21.6667,21.5667,19.6833,False,America/New_York,America/New_York
368,2006-03-31,ATL,LGA,20.0167,22.2333,20.3,22.3833,22.3,20.5667,False,America/New_York,America/New_York
208,2006-03-31,ATL,LGA,20.4333,22.6667,20.6333,22.9167,22.6833,20.9167,False,America/New_York,America/New_York
358,2006-03-31,ATL,LGA,21.1,23.3,21.3667,23.35,23.25,21.55,False,America/New_York,America/New_York
1741,2006-03-31,ATL,LGA,21.4333,23.6,21.45,23.6667,23.5167,21.8167,False,America/New_York,America/New_York
4922,2006-03-31,GRR,LGA,7.03333,8.41667,7.08333,8.26667,8.78333,7.25,False,America/Detroit,America/New_York
4916,2006-03-31,GRR,LGA,13.1167,14.4333,13.1333,14.5167,14.9833,13.3167,False,America/Detroit,America/New_York
970,2006-03-31,PHF,LGA,6.65,7.91667,6.48333,7.71667,7.61667,6.65,False,America/New_York,America/New_York
974,2006-03-31,PHF,LGA,14.85,16.2,14.8,16.25,16.1333,15.1833,False,America/New_York,America/New_York
975,2006-03-31,PHF,LGA,16.9333,18.3333,16.9,18.2333,18.0333,17.0833,False,America/New_York,America/New_York
4710,2006-03-31,CAE,LGA,6.68333,8.68333,6.75,8.71667,8.4,7.1,False,America/New_York,America/New_York
4732,2006-03-31,CAE,LGA,12,14,12.1833,14.0167,13.8667,12.3167,False,America/New_York,America/New_York
4978,2006-03-31,BTR,LGA,7.6,10.6,7.55,10.45,11.25,7.68333,False,America/Chicago,America/New_York
1032,2006-03-31,IAH,LGA,7.68333,11.1667,7.65,10.9833,11.8,7.85,False,America/Chicago,America/New_York
332,2006-03-31,IAH,LGA,8.68333,12.1833,8.76667,12.2833,13.1,9.03333,False,America/Chicago,America/New_York
232,2006-03-31,IAH,LGA,9.91667,13.4167,9.86667,13.6667,14.4333,10.4167,False,America/Chicago,America/New_York
432,2006-03-31,IAH,LGA,11.6,15.1833,11.5,15.1667,15.9833,11.8,False,America/Chicago,America/New_York
1832,2006-03-31,IAH,LGA,12.5,15.9167,12.4667,15.9167,16.7333,12.7,False,America/Chicago,America/New_York
532,2006-03-31,IAH,LGA,14.3667,17.9167,14.3333,17.9333,18.7833,14.8333,False,America/Chicago,America/New_York
1532,2006-03-31,IAH,LGA,15.4333,18.9667,15.4167,19.2,20.0333,15.8667,False,America/Chicago,America/New_York
632,2006-03-31,IAH,LGA,16.7667,20.3833,16.8667,20.8167,21.6333,17.3833,False,America/Chicago,America/New_York
1632,2006-03-31,IAH,LGA,18.5167,22.0667,18.5,22.1833,23.0167,18.9833,False,America/Chicago,America/New_York
732,2006-03-31,IAH,LGA,19.75,23.25,19.7333,22.9833,23.8,19.8667,False,America/Chicago,America/New_York
1432,2006-03-31,IAH,LGA,21.75,25.0333,22.0167,25.8167,26.5833,22.65,False,America/Chicago,America/New_York
5098,2006-03-31,CLT,LGA,6.93333,8.93333,6.85,8.78333,8.43333,7.13333,False,America/New_York,America/New_York
4892,2006-03-31,CLT,LGA,7.5,9.43333,7.43333,9.31667,9.2,7.75,False,America/New_York,America/New_York
514,2006-03-31,CLT,LGA,8.1,9.83333,8.1,9.75,9.66667,8.33333,False,America/New_York,America/New_York
4894,2006-03-31,CLT,LGA,9.5,11.4833,9.33333,10.9833,10.9167,9.6,False,America/New_York,America/New_York
206,2006-03-31,CLT,LGA,9.6,11.3833,9.48333,11.5833,11.5,10.1,False,America/New_York,America/New_York
740,2006-03-31,CLT,LGA,11.1,12.8167,11.0667,12.75,12.6333,11.2667,False,America/New_York,America/New_York
4898,2006-03-31,CLT,LGA,12.4333,14.2667,12.35,14.0333,13.9167,12.5167,False,America/New_York,America/New_York
318,2006-03-31,CLT,LGA,12.6,14.25,12.5833,14.3833,14.2833,12.8,False,America/New_York,America/New_York
5531,2006-03-31,CLT,LGA,12.9333,14.85,12.85,14.9167,14.6,13.2167,False,America/New_York,America/New_York
1020,2006-03-31,CLT,LGA,14.0167,15.6667,13.9833,15.7667,15.6833,14.3,False,America/New_York,America/New_York
530,2006-03-31,CLT,LGA,15.7667,17.4167,16.0167,18.0667,17.95,16.5167,False,America/New_York,America/New_York
4896,2006-03-31,CLT,LGA,15.9333,17.9333,15.9333,18.1667,17.7833,16.3333,False,America/New_York,America/New_York
5536,2006-03-31,CLT,LGA,15.9333,17.9333,15.9333,17.8667,17.7333,16.2333,False,America/New_York,America/New_York
1422,2006-03-31,CLT,LGA,17.4333,19.15,17.3333,19.3167,19.2,17.7,False,America/New_York,America/New_York
4900,2006-03-31,CLT,LGA,18.1,20.0833,18.0167,19.8667,19.8,18.45,False,America/New_York,America/New_York
520,2006-03-31,CLT,LGA,19.4333,21.1667,19.5167,21.3333,21.2333,19.8,False,America/New_York,America/New_York
770,2006-03-31,CLT,LGA,21.6,23.3333,21.7,23.2333,23.15,21.9333,False,America/New_York,America/New_York
5555,2006-03-31,GSO,LGA,6.93333,8.68333,6.93333,8.68333,8.33333,7.18333,False,America/New_York,America/New_York
5557,2006-03-31,GSO,LGA,10.2667,11.9,10.1833,11.9,11.7333,10.4167,False,America/New_York,America/New_York
5568,2006-03-31,GSO,LGA,18.1667,19.9167,18.1833,20.05,19.6833,18.5,False,America/New_York,America/New_York
7236,2006-03-31,IAD,LGA,6.93333,8.23333,6.91667,8.01667,7.78333,7.08333,False,America/New_York,America/New_York
846,2006-03-31,IAD,LGA,8.68333,9.88333,8.61667,9.65,9.58333,8.85,False,America/New_York,America/New_York
7365,2006-03-31,IAD,LGA,12.4833,13.8,12.4333,13.6833,13.4667,12.7,False,America/New_York,America/New_York
7366,2006-03-31,IAD,LGA,14.4833,15.9333,14.4833,16.25,15.7833,15.0333,False,America/New_York,America/New_York
7367,2006-03-31,IAD,LGA,17.1833,18.6167,17.1833,18.6833,18.6333,17.7167,False,America/New_York,America/New_York
7368,2006-03-31,IAD,LGA,18.9333,20.4333,18.9333,20.5667,20.3667,19.5667,False,America/New_York,America/New_York
7369,2006-03-31,IAD,LGA,21.4333,22.65,21.4333,22.9333,22.7667,22.05,False,America/New_York,America/New_York
5425,2006-03-31,JAX,LGA,7.01667,9.41667,7.01667,9.35,9.03333,7.21667,False,America/New_York,America/New_York
5435,2006-03-31,JAX,LGA,14.6,17.0167,14.6,17.1,16.85,14.9167,False,America/New_York,America/New_York
5436,2006-03-31,JAX,LGA,18.6,20.9833,18.6,21.1333,21,18.8833,False,America/New_York,America/New_York
520,2006-03-31,MSP,LGA,7.95,10.6833,7.9,10.6667,11.4667,8.16667,False,America/Chicago,America/New_York
508,2006-03-31,MSP,LGA,10.2333,13.05,10.3667,13.2333,13.9833,10.6,False,America/Chicago,America/New_York
512,2006-03-31,MSP,LGA,11.2333,13.9167,11.1667,14.0833,14.8,11.45,False,America/Chicago,America/New_York
190,2006-03-31,MSP,LGA,13.9833,16.7333,13.9833,16.9667,17.7167,14.5167,False,America/Chicago,America/New_York
186,2006-03-31,MSP,LGA,16.4667,19.3667,16.3833,19.2,19.9833,16.7167,False,America/Chicago,America/New_York
514,2006-03-31,MSP,LGA,17.7833,20.6,18.5333,21.5333,22.2667,18.8167,False,America/Chicago,America/New_York
1654,2006-03-31,MSP,LGA,19.7,22.3333,19.6167,22.25,23.05,19.8167,False,America/Chicago,America/New_York
1088,2006-03-31,BNA,LGA,8.06667,10.2333,9.21667,11.35,12.1333,9.43333,False,America/Chicago,America/New_York
1452,2006-03-31,BNA,LGA,16.35,18.5833,16.3333,18.4667,19.3167,16.5,False,America/Chicago,America/New_York
1468,2006-03-31,BNA,LGA,18.1833,20.3833,18.1333,20.3833,21.1333,18.3,False,America/Chicago,America/New_York
2088,2006-03-31,TPA,LGA,7.38333,9.91667,7.33333,10.0333,9.83333,7.53333,False,America/New_York,America/New_York
1440,2006-03-31,TPA,LGA,7.66667,10.2833,7.66667,10.3,10.0833,7.8,False,America/New_York,America/New_York
2057,2006-03-31,TPA,LGA,12.4333,15.0833,13.0167,15.6833,15.55,13.15,False,America/New_York,America/New_York
2050,2006-03-31,TPA,LGA,16.35,19.0333,16.2167,19.1,18.8667,16.4833,False,America/New_York,America/New_York
1282,2006-03-31,TPA,LGA,18,20.5833,17.9167,20.5833,20.45,18.05,False,America/New_York,America/New_York
400,2006-03-31,DEN,LGA,9.5,12.9667,9.38333,12.9833,14.9667,9.63333,False,America/Denver,America/New_York
402,2006-03-31,DEN,LGA,12.3833,15.9167,12.35,15.5333,17.55,12.55,False,America/Denver,America/New_York
510,2006-03-31,DEN,LGA,13.0833,16.6,13.1,16.5333,18.45,13.3,False,America/Denver,America/New_York
1194,2006-03-31,DEN,LGA,14.6833,18.2333,14.75,18.1333,20.1167,14.9667,False,America/Denver,America/New_York
516,2006-03-31,DEN,LGA,18,21.4167,17.9333,21.6,23.45,18.0833,False,America/Denver,America/New_York
748,2006-03-31,DEN,LGA,18,21.5333,18.1333,21.7,23.7,18.35,False,America/Denver,America/New_York
408,2006-03-31,DEN,LGA,20.5,23.8667,20.5,23.8,25.8,20.7,False,America/Denver,America/New_York
5822,2006-03-31,LEX,LGA,7.51667,9.5,7.43333,9.1,9.01667,7.51667,False,America/New_York,America/New_York
404,2006-03-31,PIT,LGA,7.6,8.88333,7.46667,8.66667,8.56667,7.63333,False,America/New_York,America/New_York
174,2006-03-31,PIT,LGA,13.4333,14.7667,13.3833,14.6667,14.5667,13.55,False,America/New_York,America/New_York
44,2006-03-31,PIT,LGA,15.85,17.2167,16,17.2667,17.1667,16.2167,False,America/New_York,America/New_York
472,2006-03-31,PIT,LGA,20.4333,21.7333,20.7167,22.1167,22.0167,20.9167,False,America/New_York,America/New_York
146,2006-03-31,IND,LGA,8.5,9.75,8.4,9.61667,10.3167,8.75,False,America/Indiana/Indianapolis,America/New_York
148,2006-03-31,IND,LGA,18.8333,20.0667,19.3833,21.4833,22.1,19.9833,False,America/Indiana/Indianapolis,America/New_York
5355,2006-03-31,GSP,LGA,7.91667,9.93333,7.88333,9.76667,9.56667,8,False,America/New_York,America/New_York
5805,2006-03-31,GSP,LGA,12.9167,14.9167,12.85,14.9333,14.75,13.15,False,America/New_York,America/New_York
2046,2006-03-31,MCO,LGA,7.93333,10.6,7.96667,10.5667,10.45,8.2,False,America/New_York,America/New_York
1368,2006-03-31,MCO,LGA,8.66667,11.2333,8.58333,11.1167,11.0167,8.75,False,America/New_York,America/New_York
2058,2006-03-31,MCO,LGA,10.4333,12.9167,10.4167,13.1167,13,10.6,False,America/New_York,America/New_York
1620,2006-03-31,MCO,LGA,14.7667,17.35,14.7333,17.3833,17.2,14.9167,False,America/New_York,America/New_York
1991,2006-03-31,MCO,LGA,15.5167,18.2167,15.6333,18.3833,18.2,15.8167,False,America/New_York,America/New_York
2095,2006-03-31,MCO,LGA,19.4333,22,19.4333,22.1667,21.9667,19.6667,False,America/New_York,America/New_York
1832,2006-03-31,MCO,LGA,19.65,22.0667,19.8167,22.35,22.2667,20.0333,False,America/New_York,America/New_York
2059,2006-03-31,PBI,LGA,7.93333,10.6833,7.91667,10.8333,10.6,8.2,False,America/New_York,America/New_York
1506,2006-03-31,PBI,LGA,11.0333,13.7833,11.05,13.9333,13.8167,11.3,False,America/New_York,America/New_York
362,2006-03-31,PBI,LGA,11.1833,13.9333,11.3667,14.2667,14.0833,11.6333,False,America/New_York,America/New_York
2006,2006-03-31,PBI,LGA,11.2833,14.05,11.35,14.35,14.2167,11.6833,False,America/New_York,America/New_York
682,2006-03-31,PBI,LGA,14.05,16.9167,14.0167,17.1,16.7,14.1667,False,America/New_York,America/New_York
2078,2006-03-31,PBI,LGA,15.0167,17.8333,14.9833,18,17.8,15.4,False,America/New_York,America/New_York
364,2006-03-31,PBI,LGA,17.1,19.9333,16.9833,19.8,19.65,17.1833,False,America/New_York,America/New_York
366,2006-03-31,PBI,LGA,18.6833,21.5167,19.1667,21.9667,21.85,19.4167,False,America/New_York,America/New_York
1010,2006-03-31,PBI,LGA,19.0167,21.8,19.0167,22.1833,21.85,19.3667,False,America/New_York,America/New_York
2001,2006-03-31,PBI,LGA,20.1833,22.8833,20.0167,22.9833,22.7167,20.3,False,America/New_York,America/New_York
201,2006-03-31,CAK,LGA,7.93333,9.38333,7.75,9,8.9,7.88333,False,America/New_York,America/New_York
198,2006-03-31,CAK,LGA,12.6667,14.1333,12.5,14.2833,14.0167,12.9167,False,America/New_York,America/New_York
203,2006-03-31,CAK,LGA,16.75,18.1333,18.6333,20.1,20.0167,18.7667,False,America/New_York,America/New_York
837,2006-03-31,CVG,LGA,8.31667,10.35,8.25,10.1667,10,8.41667,False,America/New_York,America/New_York
5197,2006-03-31,CVG,LGA,10.6833,12.4333,10.6,12.9,12.4,10.8667,False,America/New_York,America/New_York
252,2006-03-31,CVG,LGA,12.15,14.1,12.0333,13.9,13.7667,12.2667,False,America/New_York,America/New_York
378,2006-03-31,CVG,LGA,14.85,16.8667,14.85,16.6833,16.4167,15,False,America/New_York,America/New_York
339,2006-03-31,CVG,LGA,19.0167,21.1,18.9667,20.85,20.7333,19.15,False,America/New_York,America/New_York
5406,2006-03-31,CVG,LGA,20.6833,22.6,20.6833,22.6833,22.6,21.0167,False,America/New_York,America/New_York
4946,2006-03-31,CVG,LGA,21.9333,23.4333,23.3167,25.0167,24.85,23.4667,False,America/New_York,America/New_York
5120,2006-03-31,BHM,LGA,9.26667,11.6833,9.26667,11.6833,12.4333,9.36667,False,America/Chicago,America/New_York
5694,2006-03-31,BHM,LGA,12.0167,14.4333,12.0167,14.8333,15.4333,12.3167,False,America/Chicago,America/New_York
5127,2006-03-31,BHM,LGA,17.35,19.9,17.2667,19.9333,20.5167,17.5333,False,America/Chicago,America/New_York
630,2006-03-31,MEM,LGA,9.71667,12.2333,9.73333,12.3,13.05,9.91667,False,America/Chicago,America/New_York
955,2006-03-31,MEM,LGA,15.75,18.4167,15.6333,18.5333,19.2333,16.0667,False,America/Chicago,America/New_York
945,2006-03-31,MEM,LGA,19.3833,21.95,19.35,22.25,22.65,19.4833,False,America/Chicago,America/New_York
4873,2006-03-31,XNA,LGA,10.1,13.1,9.98333,12.95,13.7833,10.1333,False,America/Chicago,America/New_York
4838,2006-03-31,XNA,LGA,17.85,20.8667,17.85,20.8833,21.7333,17.9333,False,America/Chicago,America/New_York
5387,2006-03-31,MSY,LGA,11.35,14.35,11.1833,14.3667,15.1167,11.4,False,America/Chicago,America/New_York
1800,2006-03-31,MSY,LGA,14.0833,16.9667,14.1333,17.1667,17.9,14.3,False,America/Chicago,America/New_York
1436,2006-03-31,HOU,LGA,14.6833,18.1667,14.7333,18.2,19,14.9667,False,America/Chicago,America/New_York
1454,2006-03-31,HOU,LGA,18.35,21.75,18.2,21.8167,22.5167,18.4333,False,America/Chicago,America/New_York
5276,2006-03-31,RSW,LGA,13.9333,16.7667,13.7667,16.6833,16.5167,14.0167,False,America/New_York,America/New_York
5486,2006-03-31,RSW,LGA,19.1,21.9333,19.1,22.1,21.9333,19.45,False,America/New_York,America/New_York
5275,2006-03-31,SRQ,LGA,15.1,17.9167,15.0167,17.65,17.5,15.0833,False,America/New_York,America/New_York
4829,2006-03-31,MSN,LGA,18.5167,20.9333,19.05,21.3,22.1333,19.1333,False,America/Chicago,America/New_York
633,2006-03-31,LGA,IAH,5.6,9.43333,5.55,9.06667,7.98333,5.7,False,America/New_York,America/Chicago
333,2006-03-31,LGA,IAH,6.91667,10.75,6.8,10.3833,9.38333,7.1,False,America/New_York,America/Chicago
733,2006-03-31,LGA,IAH,7.93333,11.7667,7.93333,11.7,10.6333,8.36667,False,America/New_York,America/Chicago
533,2006-03-31,LGA,IAH,8.93333,13.0167,8.81667,12.75,11.5833,9.3,False,America/New_York,America/Chicago
1033,2006-03-31,LGA,IAH,10.6833,14.6667,10.65,14.4167,13.2167,10.8167,False,America/New_York,America/Chicago
1833,2006-03-31,LGA,IAH,11.9333,15.85,11.8333,15.4,14.4,12.0667,False,America/New_York,America/Chicago
433,2006-03-31,LGA,IAH,13.4333,17.2667,13.2833,16.8333,15.8333,13.5,False,America/New_York,America/Chicago
133,2006-03-31,LGA,IAH,14.9333,18.9167,14.8333,18.7667,17.6,15.2167,False,America/New_York,America/Chicago
1433,2006-03-31,LGA,IAH,16.9167,20.8167,16.7667,20.7167,19.6667,17.15,False,America/New_York,America/Chicago
233,2006-03-31,LGA,IAH,18.9333,22.7167,18.8833,22.75,21.7333,19.1833,False,America/New_York,America/Chicago
833,2006-03-31,LGA,IAH,19.9333,23.6833,19.8167,23.4667,22.4667,20.0667,False,America/New_York,America/Chicago
301,2006-03-31,LGA,ORD,5.93333,8.28333,5.91667,8.48333,7.45,6.21667,False,America/New_York,America/Chicago
667,2006-03-31,LGA,ORD,5.93333,8.35,7.8,9.83333,8.86667,8.01667,False,America/New_York,America/Chicago
303,2006-03-31,LGA,ORD,6.43333,8.83333,6.36667,8.65,7.61667,6.55,False,America/New_York,America/Chicago
305,2006-03-31,LGA,ORD,6.93333,9.43333,6.86667,9.23333,8,7.11667,False,America/New_York,America/Chicago
669,2006-03-31,LGA,ORD,6.93333,9.41667,6.83333,9.1,8.15,7.16667,False,America/New_York,America/Chicago
309,2006-03-31,LGA,ORD,7.93333,10.45,7.8,10.1,9.1,7.98333,False,America/New_York,America/Chicago
671,2006-03-31,LGA,ORD,7.93333,10.4333,23.9333,24.85,23.9333,23.9333,True,America/New_York,America/Chicago
311,2006-03-31,LGA,ORD,8.43333,10.95,8.35,10.8667,9.83333,8.86667,False,America/New_York,America/Chicago
313,2006-03-31,LGA,ORD,8.93333,11.5,8.85,11.25,10.2167,9.26667,False,America/New_York,America/Chicago
835,2006-03-31,LGA,ORD,9.01667,11.6,8.9,11.3667,10.3167,9.41667,False,America/New_York,America/Chicago
317,2006-03-31,LGA,ORD,9.93333,12.45,9.78333,12.3833,11.2667,10.2667,False,America/New_York,America/Chicago
675,2006-03-31,LGA,ORD,9.93333,12.4333,10.5667,13.2333,12.2333,11.1833,False,America/New_York,America/Chicago
321,2006-03-31,LGA,ORD,10.9333,13.4,10.85,13.5667,12.5,11.3167,False,America/New_York,America/Chicago
677,2006-03-31,LGA,ORD,10.9333,13.4333,10.8333,13.4,12.4167,11.2667,False,America/New_York,America/Chicago
325,2006-03-31,LGA,ORD,11.9333,14.3833,12.5667,15.85,14.8167,13.9167,False,America/New_York,America/Chicago
679,2006-03-31,LGA,ORD,12.0167,14.5,11.9,14.6833,13.7167,12.5667,False,America/New_York,America/Chicago
329,2006-03-31,LGA,ORD,12.9333,15.45,14.6167,17.25,16.25,14.95,False,America/New_York,America/Chicago
681,2006-03-31,LGA,ORD,12.9333,15.4333,12.95,15.7,14.75,13.8,False,America/New_York,America/Chicago
683,2006-03-31,LGA,ORD,13.85,16.3333,13.7833,17.4667,16.5,15.5333,False,America/New_York,America/Chicago
333,2006-03-31,LGA,ORD,13.9333,16.45,15.4333,18.2,17.1667,16.2667,False,America/New_York,America/Chicago
685,2006-03-31,LGA,ORD,14.85,17.3333,17.9,21.0667,20.0833,19.1167,False,America/New_York,America/Chicago
337,2006-03-31,LGA,ORD,14.9333,17.4833,17.3,19.6833,18.6167,17.7333,False,America/New_York,America/Chicago
341,2006-03-31,LGA,ORD,15.9333,18.5167,17.3833,21.3167,20.25,19.3667,False,America/New_York,America/Chicago
687,2006-03-31,LGA,ORD,15.9333,18.4833,19.9,22.6667,21.7,20.8333,False,America/New_York,America/Chicago
345,2006-03-31,LGA,ORD,16.9333,19.5167,18.1333,22.6833,21.55,20.7167,False,America/New_York,America/Chicago
689,2006-03-31,LGA,ORD,17.0167,19.5333,18.2,20.8333,19.8,18.9333,False,America/New_York,America/Chicago
349,2006-03-31,LGA,ORD,17.9333,20.5667,20.1667,23.5667,22.4667,21.5833,False,America/New_York,America/Chicago
691,2006-03-31,LGA,ORD,18.0167,20.5833,23.9333,24.85,23.9333,23.9333,True,America/New_York,America/Chicago
353,2006-03-31,LGA,ORD,18.9333,21.5,20.9667,23.6833,22.6333,21.7167,False,America/New_York,America/Chicago
693,2006-03-31,LGA,ORD,19.1,21.6667,22.0333,24.3333,23.3667,22.55,False,America/New_York,America/Chicago
357,2006-03-31,LGA,ORD,19.9333,22.4167,21.6833,25.2333,24.1833,23.3333,False,America/New_York,America/Chicago
695,2006-03-31,LGA,ORD,20.0167,22.5833,21.3,24.5333,23.3167,22.4,False,America/New_York,America/Chicago
361,2006-03-31,LGA,ORD,21.1833,23.55,22.3333,25.2667,24.2167,23.3833,False,America/New_York,America/Chicago
413,2006-03-31,LGA,MIA,5.93333,8.9,5.85,8.61667,8.56667,6.11667,False,America/New_York,America/New_York
953,2006-03-31,LGA,MIA,7.15,10.2667,7.05,9.95,9.85,7.36667,False,America/New_York,America/New_York
1441,2006-03-31,LGA,MIA,7.43333,10.5833,7.65,10.4333,10.3333,7.9,False,America/New_York,America/New_York
1547,2006-03-31,LGA,MIA,8.45,11.6667,8.3,11.4167,11.1167,8.58333,False,America/New_York,America/New_York
2137,2006-03-31,LGA,MIA,9.93333,13.1333,9.88333,12.7333,12.6333,10.1333,False,America/New_York,America/New_York
1341,2006-03-31,LGA,MIA,10,13.2,9.93333,12.85,12.7833,10.2833,False,America/New_York,America/New_York
1819,2006-03-31,LGA,MIA,12.4333,15.5167,12.3167,15.1,15.05,12.5167,False,America/New_York,America/New_York
2285,2006-03-31,LGA,MIA,14.4333,17.5333,14.3,17.5,17.0167,14.45,False,America/New_York,America/New_York
1786,2006-03-31,LGA,MIA,14.9333,18.1667,14.9667,17.95,17.8,15.3833,False,America/New_York,America/New_York
1523,2006-03-31,LGA,MIA,16.1833,19.3833,16.55,19.35,19.3,16.8667,False,America/New_York,America/New_York
1393,2006-03-31,LGA,MIA,17.8667,21.0833,17.9833,21.2,21.0833,18.6,False,America/New_York,America/New_York
653,2006-03-31,LGA,MIA,19.3167,22.4667,20.05,22.8167,22.7333,20.3333,False,America/New_York,America/New_York
701,2006-03-31,LGA,DFW,5.93333,9.81667,5.78333,9.56667,8.56667,6.03333,False,America/New_York,America/Chicago
705,2006-03-31,LGA,DFW,6.45,10.3333,6.31667,10.1167,8.9,6.48333,False,America/New_York,America/Chicago
719,2006-03-31,LGA,DFW,6.85,10.8667,6.76667,10.5667,9.48333,6.96667,False,America/New_York,America/Chicago
721,2006-03-31,LGA,DFW,8.43333,12.4667,8.43333,12.2667,11.15,8.78333,False,America/New_York,America/Chicago
731,2006-03-31,LGA,DFW,9.48333,13.6333,9.41667,13.8,12.2,9.68333,False,America/New_York,America/Chicago
739,2006-03-31,LGA,DFW,11.4667,15.4667,11.2833,14.9333,13.9167,11.4833,False,America/New_York,America/Chicago
743,2006-03-31,LGA,DFW,12.6333,16.4833,12.6333,16.3333,15.2667,12.85,False,America/New_York,America/Chicago
745,2006-03-31,LGA,DFW,13.6,17.4167,13.5,17.2833,16.2,13.7333,False,America/New_York,America/Chicago
753,2006-03-31,LGA,DFW,14.7,18.6,14.7833,19.15,17.5167,15.1,False,America/New_York,America/Chicago
759,2006-03-31,LGA,DFW,15.9333,20.0833,16.8333,20.8,19.5833,17.25,False,America/New_York,America/Chicago
769,2006-03-31,LGA,DFW,16.8167,20.9333,16.8167,20.5333,19.4333,17.1,False,America/New_York,America/Chicago
785,2006-03-31,LGA,DFW,17.4333,21.4667,17.5333,21.1167,20.0667,17.7833,False,America/New_York,America/Chicago
787,2006-03-31,LGA,DFW,18.9333,22.9667,18.9333,22.8833,21.8,19.5,False,America/New_York,America/Chicago
791,2006-03-31,LGA,DFW,19.95,23.8667,19.9833,23.5833,22.6,20.1833,False,America/New_York,America/Chicago
371,2006-03-31,LGA,FLL,5.93333,8.93333,5.86667,8.41667,8.36667,6.05,False,America/New_York,America/New_York
2024,2006-03-31,LGA,FLL,6.85,10.2333,6.8,9.71667,9.63333,7.25,False,America/New_York,America/New_York
2039,2006-03-31,LGA,FLL,6.88333,10.0667,6.78333,9.56667,9.48333,7.03333,False,America/New_York,America/New_York
263,2006-03-31,LGA,FLL,7.1,10.1,7.05,9.93333,9.86667,7.4,False,America/New_York,America/New_York
375,2006-03-31,LGA,FLL,9.6,12.7667,9.51667,12.2,12.1667,9.76667,False,America/New_York,America/New_York
883,2006-03-31,LGA,FLL,10.85,14,10.8,13.7667,13.7,11.1667,False,America/New_York,America/New_York
1975,2006-03-31,LGA,FLL,11.35,14.5333,11.5667,14.3333,14.25,11.8333,False,America/New_York,America/New_York
377,2006-03-31,LGA,FLL,13.35,16.4333,13.45,16.3167,16.2333,13.9,False,America/New_York,America/New_York
2086,2006-03-31,LGA,FLL,13.6833,16.8667,13.8167,16.85,16.55,14.1833,False,America/New_York,America/New_York
1521,2006-03-31,LGA,FLL,15.6833,18.7833,15.9167,18.85,18.7333,16.35,False,America/New_York,America/New_York
305,2006-03-31,LGA,FLL,16.1,19.1167,15.9833,18.9,18.8333,16.4,False,America/New_York,America/New_York
381,2006-03-31,LGA,FLL,16.1833,19.35,16.3167,19.05,19,16.6333,False,America/New_York,America/New_York
2023,2006-03-31,LGA,FLL,18.6833,21.9333,18.8833,21.7667,21.7,19.3167,False,America/New_York,America/New_York
383,2006-03-31,LGA,FLL,21.6833,24.6833,21.75,24.4333,24.3833,22.0333,False,America/New_York,America/New_York
935,2006-03-31,LGA,ATL,5.93333,8.53333,5.86667,8.55,8.31667,6.43333,False,America/New_York,America/New_York
359,2006-03-31,LGA,ATL,5.93333,8.38333,5.8,8.23333,7.78333,5.96667,False,America/New_York,America/New_York
363,2006-03-31,LGA,ATL,6.91667,9.48333,6.95,9.21667,9.03333,7.28333,False,America/New_York,America/New_York
295,2006-03-31,LGA,ATL,6.93333,9.53333,6.95,9.18333,9.1,7.31667,False,America/New_York,America/New_York
2377,2006-03-31,LGA,ATL,7.43333,10.0667,7.35,9.65,9.43333,7.68333,False,America/New_York,America/New_York
1740,2006-03-31,LGA,ATL,7.93333,10.5833,8.05,10.4167,10.2667,8.5,False,America/New_York,America/New_York
4856,2006-03-31,LGA,ATL,8.6,11.4333,8.58333,11.2333,10.8,8.95,False,America/New_York,America/New_York
1715,2006-03-31,LGA,ATL,8.93333,11.7667,10.5667,12.6833,12.5333,10.75,False,America/New_York,America/New_York
1472,2006-03-31,LGA,ATL,9.93333,12.5667,9.95,12.3333,12.1167,10.3333,False,America/New_York,America/New_York
615,2006-03-31,LGA,ATL,10.9333,13.45,10.9167,13.1167,12.9667,11.2,False,America/New_York,America/New_York
361,2006-03-31,LGA,ATL,11.05,13.5167,10.9,13.0667,12.8833,11.1,False,America/New_York,America/New_York
1089,2006-03-31,LGA,ATL,11.9333,14.45,11.8667,14.0833,13.9667,12.15,False,America/New_York,America/New_York
370,2006-03-31,LGA,ATL,12.15,14.6167,12.1333,14.3333,14.1667,12.3333,False,America/New_York,America/New_York
4864,2006-03-31,LGA,ATL,12.1833,14.9333,12.05,14.2333,14.1333,12.2167,False,America/New_York,America/New_York
619,2006-03-31,LGA,ATL,12.9333,15.4167,13.05,15.1833,15,13.2167,False,America/New_York,America/New_York
365,2006-03-31,LGA,ATL,13.0167,15.4667,13.1167,15.2667,15.1667,13.3333,False,America/New_York,America/New_York
681,2006-03-31,LGA,ATL,13.9333,16.45,14.1,16.5833,16.4333,14.6167,False,America/New_York,America/New_York
349,2006-03-31,LGA,ATL,14.0167,16.6,14.0667,16.3,16.15,14.2667,False,America/New_York,America/New_York
2393,2006-03-31,LGA,ATL,14.9333,17.5833,14.8667,17.35,17.2167,15.3333,False,America/New_York,America/New_York
237,2006-03-31,LGA,ATL,14.9333,17.5167,14.9333,17.2333,17.1333,15.3167,False,America/New_York,America/New_York
367,2006-03-31,LGA,ATL,15.7667,18.2667,16.0667,18.4333,18.3167,16.4333,False,America/New_York,America/New_York
61,2006-03-31,LGA,ATL,15.9333,18.5333,16.05,18.4167,18.35,16.45,False,America/New_York,America/New_York
375,2006-03-31,LGA,ATL,16.8667,19.4333,17.95,20.7333,20.5667,18.55,False,America/New_York,America/New_York
631,2006-03-31,LGA,ATL,16.9333,19.6,16.8,19.3,19.1,17.2167,False,America/New_York,America/New_York
1010,2006-03-31,LGA,ATL,17.9333,20.6333,17.8833,20.5,20.3667,18.4667,False,America/New_York,America/New_York
357,2006-03-31,LGA,ATL,18.9167,21.4667,18.85,21.3,21.1833,19.3667,False,America/New_York,America/New_York
635,2006-03-31,LGA,ATL,18.9333,21.4667,19.2167,21.6667,21.5333,19.6833,False,America/New_York,America/New_York
1297,2006-03-31,LGA,ATL,19.2833,21.9167,19.3167,21.85,21.7667,19.8833,False,America/New_York,America/New_York
775,2006-03-31,LGA,ATL,19.9333,22.4833,19.9333,22.4167,22.3167,20.4167,False,America/New_York,America/New_York
373,2006-03-31,LGA,ATL,20.9167,23.4167,21.3667,23.5,23.4167,21.5167,False,America/New_York,America/New_York
643,2006-03-31,LGA,ATL,20.9333,23.4,20.9667,23.3333,23.2333,21.3667,False,America/New_York,America/New_York
1906,2006-03-31,LGA,BOS,5.93333,6.93333,5.91667,7,6.88333,6.2,False,America/New_York,America/New_York
2114,2006-03-31,LGA,BOS,5.93333,6.8,5.91667,6.93333,6.83333,6.15,False,America/New_York,America/New_York
1908,2006-03-31,LGA,BOS,6.43333,7.45,6.43333,7.43333,7.25,6.58333,False,America/New_York,America/New_York
4803,2006-03-31,LGA,BOS,6.93333,8.15,6.8,8,7.91667,7.23333,False,America/New_York,America/New_York
2116,2006-03-31,LGA,BOS,6.93333,7.98333,6.81667,7.71667,7.65,7.01667,False,America/New_York,America/New_York
1910,2006-03-31,LGA,BOS,7.43333,8.51667,7.4,8.41667,8.26667,7.65,False,America/New_York,America/New_York
4801,2006-03-31,LGA,BOS,7.93333,9.1,7.85,8.9,8.75,8.1,False,America/New_York,America/New_York
2118,2006-03-31,LGA,BOS,7.93333,8.98333,7.81667,8.75,8.7,8.05,False,America/New_York,America/New_York
1912,2006-03-31,LGA,BOS,8.43333,9.61667,8.41667,9.43333,9.28333,8.68333,False,America/New_York,America/New_York
4802,2006-03-31,LGA,BOS,8.93333,10.15,8.81667,10.0333,9.95,9.18333,False,America/New_York,America/New_York
2120,2006-03-31,LGA,BOS,8.93333,10.05,8.85,10.0833,10,9.31667,False,America/New_York,America/New_York
1914,2006-03-31,LGA,BOS,9.43333,10.7167,9.4,10.4833,10.3667,9.66667,False,America/New_York,America/New_York
2122,2006-03-31,LGA,BOS,9.93333,10.9833,9.8,10.7667,10.6833,10,False,America/New_York,America/New_York
1916,2006-03-31,LGA,BOS,10.4333,11.5667,10.4333,11.5833,11.4667,10.7833,False,America/New_York,America/New_York
2124,2006-03-31,LGA,BOS,10.9333,11.9833,10.8167,11.6833,11.5833,10.9667,False,America/New_York,America/New_York
1918,2006-03-31,LGA,BOS,11.4333,12.6,11.4167,12.6833,12.55,11.9333,False,America/New_York,America/New_York
4805,2006-03-31,LGA,BOS,11.9333,13.0833,11.8333,12.7833,12.7167,12.05,False,America/New_York,America/New_York
2126,2006-03-31,LGA,BOS,11.9333,12.95,11.8833,12.8167,12.75,12.0833,False,America/New_York,America/New_York
1920,2006-03-31,LGA,BOS,12.4333,13.4667,12.4167,13.3667,13.2833,12.6667,False,America/New_York,America/New_York
2128,2006-03-31,LGA,BOS,12.9333,14,12.8667,13.7833,13.7167,13.1333,False,America/New_York,America/New_York
1922,2006-03-31,LGA,BOS,13.4333,14.5167,13.4167,14.55,14.35,13.6833,False,America/New_York,America/New_York
4827,2006-03-31,LGA,BOS,13.9333,15.05,13.8667,14.8167,14.7667,14.0833,False,America/New_York,America/New_York
2130,2006-03-31,LGA,BOS,13.9333,15.0167,13.8667,14.8667,14.8,14.15,False,America/New_York,America/New_York
1924,2006-03-31,LGA,BOS,14.4333,15.4833,14.85,15.9,15.8,15.15,False,America/New_York,America/New_York
4809,2006-03-31,LGA,BOS,14.9333,16.0833,14.9167,16,15.9333,15.3667,False,America/New_York,America/New_York
2132,2006-03-31,LGA,BOS,14.9333,16.05,14.8333,15.7833,15.6833,15.0667,False,America/New_York,America/New_York
1926,2006-03-31,LGA,BOS,15.4333,16.6,15.4333,16.7,16.5667,15.9333,False,America/New_York,America/New_York
2134,2006-03-31,LGA,BOS,15.9333,17.05,15.8167,16.8833,16.8,16.15,False,America/New_York,America/New_York
1928,2006-03-31,LGA,BOS,16.4333,17.55,16.4333,17.6333,17.4667,16.8,False,America/New_York,America/New_York
4811,2006-03-31,LGA,BOS,16.9333,18.1,17.0667,18.0833,18,17.35,False,America/New_York,America/New_York
2136,2006-03-31,LGA,BOS,16.9333,18.1,16.8333,17.8333,17.75,17.05,False,America/New_York,America/New_York
1930,2006-03-31,LGA,BOS,17.4333,18.6333,18.0667,19.0833,19,18.4,False,America/New_York,America/New_York
4813,2006-03-31,LGA,BOS,17.9333,19.1833,17.9833,19.0833,18.85,18.25,False,America/New_York,America/New_York
2138,2006-03-31,LGA,BOS,17.9333,19.0167,17.8333,18.6833,18.6167,17.9833,False,America/New_York,America/New_York
1932,2006-03-31,LGA,BOS,18.4333,19.6167,23.9333,23.9333,23.9333,23.9333,True,America/New_York,America/New_York
4815,2006-03-31,LGA,BOS,18.9333,20.1667,18.8333,19.85,19.75,19.0833,False,America/New_York,America/New_York
2140,2006-03-31,LGA,BOS,18.9333,20.0667,18.85,19.9167,19.8167,19.1333,False,America/New_York,America/New_York
1934,2006-03-31,LGA,BOS,19.4333,20.5833,19.3833,20.6667,20.4333,19.8,False,America/New_York,America/New_York
2142,2006-03-31,LGA,BOS,19.9333,21.0167,19.7667,20.7,20.65,19.9833,False,America/New_York,America/New_York
1936,2006-03-31,LGA,BOS,20.4333,21.5,20.3833,21.4,21.2833,20.6333,False,America/New_York,America/New_York
2144,2006-03-31,LGA,BOS,20.9333,21.9333,20.8,21.6333,21.5667,20.9833,False,America/New_York,America/New_York
343,2006-03-31,LGA,DTW,5.93333,8.48333,5.83333,8.08333,7.36667,6.1,False,America/New_York,America/Detroit
257,2006-03-31,LGA,DTW,7.26667,9.88333,7.15,9.55,8.83333,7.51667,False,America/New_York,America/Detroit
4869,2006-03-31,LGA,DTW,8.55,11.2333,8.4,11.2833,10.2333,8.81667,False,America/New_York,America/Detroit
537,2006-03-31,LGA,DTW,9.13333,11.8833,9.18333,11.7333,11,9.63333,False,America/New_York,America/Detroit
4854,2006-03-31,LGA,DTW,10.25,12.9667,10.2,12.95,11.9833,10.6667,False,America/New_York,America/Detroit
539,2006-03-31,LGA,DTW,10.4167,13.0333,10.3,12.8667,11.9,10.5833,False,America/New_York,America/Detroit
1195,2006-03-31,LGA,DTW,12.55,15.0667,12.65,15.2667,14.3,12.9167,False,America/New_York,America/Detroit
4880,2006-03-31,LGA,DTW,12.8833,15.4833,12.9667,15.4,14.5667,13.2,False,America/New_York,America/Detroit
531,2006-03-31,LGA,DTW,14.3167,16.8833,14.1667,16.8,16.1,14.4167,False,America/New_York,America/Detroit
4847,2006-03-31,LGA,DTW,15.2667,17.9,15.1833,17.85,17.0667,15.6833,False,America/New_York,America/Detroit
261,2006-03-31,LGA,DTW,16.3,18.8833,21.1333,23.5667,22.7833,21.4333,False,America/New_York,America/Detroit
529,2006-03-31,LGA,DTW,17.9333,20.5667,18.25,22.9833,22.0333,20.45,False,America/New_York,America/Detroit
527,2006-03-31,LGA,DTW,19.65,22.3,20.8333,23.5833,22.55,21.2,False,America/New_York,America/Detroit
4832,2006-03-31,LGA,DTW,20.2833,22.8667,20.1667,22.8667,22.1333,20.5667,False,America/New_York,America/Detroit
5617,2006-03-31,LGA,DCA,5.93333,6.91667,5.93333,7.06667,7.03333,6.1,False,America/New_York,America/New_York
2161,2006-03-31,LGA,DCA,5.93333,6.91667,5.83333,6.75,6.66667,6,False,America/New_York,America/New_York
1941,2006-03-31,LGA,DCA,6.43333,7.46667,6.41667,7.36667,7.3,6.61667,False,America/New_York,America/New_York
4788,2006-03-31,LGA,DCA,6.93333,8.18333,6.88333,7.9,7.85,7.13333,False,America/New_York,America/New_York
2163,2006-03-31,LGA,DCA,6.93333,7.91667,6.83333,7.81667,7.71667,7.05,False,America/New_York,America/New_York
1943,2006-03-31,LGA,DCA,7.43333,8.53333,7.41667,8.33333,8.26667,7.7,False,America/New_York,America/New_York
2165,2006-03-31,LGA,DCA,7.93333,9.08333,7.9,8.93333,8.86667,8.16667,False,America/New_York,America/New_York
1945,2006-03-31,LGA,DCA,8.43333,9.6,8.51667,9.55,9.5,8.85,False,America/New_York,America/New_York
4796,2006-03-31,LGA,DCA,8.93333,10.2333,8.78333,10.15,9.81667,9.16667,False,America/New_York,America/New_York
2167,2006-03-31,LGA,DCA,8.93333,10.15,8.86667,10.2667,10.15,9.4,False,America/New_York,America/New_York
1947,2006-03-31,LGA,DCA,9.43333,10.7,23.9333,23.9333,23.9333,23.9333,True,America/New_York,America/New_York
2169,2006-03-31,LGA,DCA,9.93333,11.1167,9.8,10.7333,10.6833,9.96667,False,America/New_York,America/New_York
1949,2006-03-31,LGA,DCA,10.4333,11.6167,10.4333,11.35,11.3,10.6833,False,America/New_York,America/New_York
4799,2006-03-31,LGA,DCA,10.9333,12.1833,10.8667,11.9833,11.8167,11.1167,False,America/New_York,America/New_York
2171,2006-03-31,LGA,DCA,10.9333,12.0167,10.85,11.8167,11.75,11.0667,False,America/New_York,America/New_York
1951,2006-03-31,LGA,DCA,11.4333,12.5667,11.4167,12.5667,12.2167,11.5833,False,America/New_York,America/New_York
2173,2006-03-31,LGA,DCA,11.9333,13.05,11.8167,12.8,12.7333,11.9667,False,America/New_York,America/New_York
1953,2006-03-31,LGA,DCA,12.4333,13.5,12.4167,13.5167,13.3667,12.6833,False,America/New_York,America/New_York
4785,2006-03-31,LGA,DCA,12.9333,14.1,12.8333,13.75,13.7167,13.0333,False,America/New_York,America/New_York
2175,2006-03-31,LGA,DCA,12.9333,14.1333,12.85,13.95,13.8833,13.0833,False,America/New_York,America/New_York
1955,2006-03-31,LGA,DCA,13.4333,14.55,13.4167,14.5833,14.35,13.6667,False,America/New_York,America/New_York
2177,2006-03-31,LGA,DCA,13.9333,15.0667,13.8667,14.9167,14.85,14.1333,False,America/New_York,America/New_York
1957,2006-03-31,LGA,DCA,14.4333,15.5,14.4167,15.5667,15.2167,14.5667,False,America/New_York,America/New_York
4787,2006-03-31,LGA,DCA,14.9333,16.1333,14.8833,16.2667,15.8333,15.1333,False,America/New_York,America/New_York
2179,2006-03-31,LGA,DCA,14.9333,16.1167,14.7667,15.8167,15.5833,14.9,False,America/New_York,America/New_York
1959,2006-03-31,LGA,DCA,15.4333,16.5833,15.4,16.6333,16.5833,15.9,False,America/New_York,America/New_York
4789,2006-03-31,LGA,DCA,15.9333,17.15,15.9,17.1667,17.0667,16.3667,False,America/New_York,America/New_York
2181,2006-03-31,LGA,DCA,15.9333,17.1167,15.85,16.9833,16.9333,16.1667,False,America/New_York,America/New_York
1961,2006-03-31,LGA,DCA,16.4333,17.5667,16.4167,17.5667,17.45,16.7833,False,America/New_York,America/New_York
4791,2006-03-31,LGA,DCA,16.9333,18.1333,16.8667,18.2167,18.0667,17.3333,False,America/New_York,America/New_York
2183,2006-03-31,LGA,DCA,16.9333,18.1167,16.8333,18.1667,18.1167,17.2667,False,America/New_York,America/New_York
1963,2006-03-31,LGA,DCA,17.4333,18.5667,17.4,18.45,18.3833,17.6167,False,America/New_York,America/New_York
2185,2006-03-31,LGA,DCA,17.9333,19.1,17.8667,18.9,18.8333,18.0667,False,America/New_York,America/New_York
1965,2006-03-31,LGA,DCA,18.4333,19.6167,18.4,19.5333,19.45,18.7833,False,America/New_York,America/New_York
4793,2006-03-31,LGA,DCA,18.9333,20.1833,20.0333,21.1333,21.05,20.3667,False,America/New_York,America/New_York
2187,2006-03-31,LGA,DCA,18.9333,20.0833,18.9,20.0667,20.0167,19.2333,False,America/New_York,America/New_York
1967,2006-03-31,LGA,DCA,19.4333,20.6167,19.4667,20.65,20.5667,19.9,False,America/New_York,America/New_York
2189,2006-03-31,LGA,DCA,19.9333,21.0667,19.8167,20.7667,20.7167,20,False,America/New_York,America/New_York
1969,2006-03-31,LGA,DCA,20.4333,21.5,20.4167,21.45,21.3667,20.6833,False,America/New_York,America/New_York
2191,2006-03-31,LGA,DCA,20.9333,22.0333,20.8167,21.7333,21.6833,21,False,America/New_York,America/New_York
4219,2006-03-31,LGA,MDW,5.93333,8.18333,5.9,8.1,7.1,6.18333,False,America/New_York,America/Chicago
4225,2006-03-31,LGA,MDW,6.93333,9.18333,6.81667,9,8,7.21667,False,America/New_York,America/Chicago
4217,2006-03-31,LGA,MDW,7.91667,10.1,7.86667,10.05,9.06667,8.18333,False,America/New_York,America/Chicago
4215,2006-03-31,LGA,MDW,10,12.4167,10,12.1833,11.1833,10.3167,False,America/New_York,America/Chicago
4203,2006-03-31,LGA,MDW,12.1833,14.55,12.1,14.1667,13.2,12.3,False,America/New_York,America/Chicago
4227,2006-03-31,LGA,MDW,14.7833,17.1667,14.7167,16.8167,15.8333,14.9333,False,America/New_York,America/Chicago
4209,2006-03-31,LGA,MDW,16.25,18.6167,16.45,18.7167,17.5833,16.75,False,America/New_York,America/Chicago
4207,2006-03-31,LGA,MDW,18.7667,21.2167,18.7333,21.0667,20.05,19,False,America/New_York,America/Chicago
4205,2006-03-31,LGA,MDW,20.0833,22.5167,20,22.15,21.1667,20.2833,False,America/New_York,America/Chicago
395,2006-03-31,LGA,DEN,5.93333,10.2833,5.93333,10.15,7.98333,6.28333,False,America/New_York,America/Denver
1157,2006-03-31,LGA,DEN,8.01667,12.5667,7.98333,12.1667,10,8.26667,False,America/New_York,America/Denver
505,2006-03-31,LGA,DEN,8.68333,13.3333,8.51667,12.8833,10.7167,8.91667,False,America/New_York,America/Denver
353,2006-03-31,LGA,DEN,10.8833,15.3,11.1333,15.2167,13.0333,11.4,False,America/New_York,America/Denver
435,2006-03-31,LGA,DEN,14,18.35,13.9,18.2167,16.0333,14.2167,False,America/New_York,America/Denver
485,2006-03-31,LGA,DEN,16.9333,21.4,16.9,21.2333,19.05,17.2833,False,America/New_York,America/Denver
511,2006-03-31,LGA,DEN,17.5167,22,17.3167,21.55,19.35,17.4833,False,America/New_York,America/Denver
7370,2006-03-31,LGA,IAD,5.93333,7.25,5.9,6.9,6.78333,6.1,False,America/New_York,America/New_York
7371,2006-03-31,LGA,IAD,7.01667,8.45,6.91667,8.28333,8,7.3,False,America/New_York,America/New_York
7236,2006-03-31,LGA,IAD,9.93333,11.45,10.2667,11.2667,11.1667,10.45,False,America/New_York,America/New_York
7365,2006-03-31,LGA,IAD,14.35,15.7333,15.9333,17.35,17.2667,16.5,False,America/New_York,America/New_York
7366,2006-03-31,LGA,IAD,16.5167,17.9833,16.5167,18.0667,17.9,17.0667,False,America/New_York,America/New_York
847,2006-03-31,LGA,IAD,19.25,20.6333,19.2167,20.4333,20.3333,19.5667,False,America/New_York,America/New_York
7367,2006-03-31,LGA,IAD,19.9333,21.4333,19.9333,21.1833,20.9167,20.1833,False,America/New_York,America/New_York
4834,2006-03-31,LGA,XNA,6.1,9.56667,5.93333,9.16667,8.18333,6.13333,False,America/New_York,America/Chicago
4825,2006-03-31,LGA,XNA,13.85,17.35,13.7,16.8333,15.85,13.9833,False,America/New_York,America/Chicago
155,2006-03-31,LGA,PIT,6.18333,7.6,6.06667,7.5,7.41667,6.36667,False,America/New_York,America/New_York
701,2006-03-31,LGA,PIT,9.18333,10.8667,9.01667,10.5167,10.45,9.5,False,America/New_York,America/New_York
1015,2006-03-31,LGA,PIT,13.4333,14.9333,13.3333,14.65,14.6,13.5833,False,America/New_York,America/New_York
259,2006-03-31,LGA,PIT,15.4333,16.9833,15.4333,16.95,16.8833,15.8667,False,America/New_York,America/New_York
733,2006-03-31,LGA,PIT,18.1,19.6833,18.0667,19.4333,19.35,18.4167,False,America/New_York,America/New_York
1977,2006-03-31,LGA,BNA,6.26667,8.51667,6.18333,8.4,7.38333,6.41667,False,America/New_York,America/Chicago
2275,2006-03-31,LGA,BNA,13.9167,16.3333,13.7833,16.1,15.0667,14.0333,False,America/New_York,America/Chicago
1551,2006-03-31,LGA,BNA,18.9333,21.3833,18.9,21.3167,20.3,19.3833,False,America/New_York,America/Chicago
101,2006-03-31,LGA,MSP,6.26667,9.25,6.15,8.8,7.76667,6.38333,False,America/New_York,America/Chicago
509,2006-03-31,LGA,MSP,8.18333,11.3,8.33333,11.1667,10.1,8.65,False,America/New_York,America/Chicago
369,2006-03-31,LGA,MSP,11.5167,14.5167,11.45,14.0833,13.0833,11.7167,False,America/New_York,America/Chicago
515,2006-03-31,LGA,MSP,13.4333,16.3167,13.35,16.1167,15.0833,13.7167,False,America/New_York,America/Chicago
553,2006-03-31,LGA,MSP,15.1833,18.1167,15.1,18,16.85,15.4167,False,America/New_York,America/Chicago
165,2006-03-31,LGA,MSP,17.7,20.7333,18.0167,20.9833,20,18.5667,False,America/New_York,America/Chicago
519,2006-03-31,LGA,MSP,19.1833,22.2,19.2,22.0667,21.05,19.6,False,America/New_York,America/Chicago
451,2006-03-31,LGA,CLE,6.43333,8.18333,6.23333,7.75,7.58333,6.5,False,America/New_York,America/New_York
4890,2006-03-31,LGA,CLE,7.91667,9.68333,7.78333,9.23333,9.11667,8,False,America/New_York,America/New_York
3146,2006-03-31,LGA,CLE,8.93333,10.6833,8.78333,10.55,10.4667,9.25,False,America/New_York,America/New_York
1451,2006-03-31,LGA,CLE,9.93333,11.75,9.76667,11.7,11.1333,10.0667,False,America/New_York,America/New_York
4887,2006-03-31,LGA,CLE,12.4333,14.1167,12.45,13.95,13.8667,12.7333,False,America/New_York,America/New_York
3073,2006-03-31,LGA,CLE,13,14.6667,12.9167,14.4667,14.35,13.15,False,America/New_York,America/New_York
2276,2006-03-31,LGA,CLE,14.4333,16.15,14.8,16.5333,16.45,15.0333,False,America/New_York,America/New_York
1057,2006-03-31,LGA,CLE,15.9333,17.75,15.9667,17.5833,17.4667,16.3167,False,America/New_York,America/New_York
4875,2006-03-31,LGA,CLE,16.2,17.9333,16.15,17.8667,17.6833,16.4667,False,America/New_York,America/New_York
1651,2006-03-31,LGA,CLE,17.9333,19.7333,17.9167,19.4833,19.4,18.3,False,America/New_York,America/New_York
2315,2006-03-31,LGA,CLE,19.4333,21.1,19.2833,20.9,20.8,19.7167,False,America/New_York,America/New_York
4891,2006-03-31,LGA,CLE,20.75,22.45,20.7,22.1333,22.05,20.8833,False,America/New_York,America/New_York
4724,2006-03-31,LGA,RDU,6.43333,8.08333,6.43333,7.91667,7.86667,6.63333,False,America/New_York,America/New_York
5498,2006-03-31,LGA,RDU,8.41667,10.3333,8.93333,10.5833,10.5333,9.5,False,America/New_York,America/New_York
4726,2006-03-31,LGA,RDU,8.51667,10.3333,8.35,9.73333,9.68333,8.61667,False,America/New_York,America/New_York
4739,2006-03-31,LGA,RDU,10.1,11.9167,10.0333,11.7667,11.6667,10.4833,False,America/New_York,America/New_York
4729,2006-03-31,LGA,RDU,11.4333,13.1833,11.3333,12.75,12.6667,11.5333,False,America/New_York,America/New_York
4713,2006-03-31,LGA,RDU,12.6,14.2333,12.5167,14.2167,14.0333,12.95,False,America/New_York,America/New_York
5507,2006-03-31,LGA,RDU,12.8667,14.6,13.1,14.5167,14.4833,13.3167,False,America/New_York,America/New_York
4716,2006-03-31,LGA,RDU,13.9333,15.5833,13.9,15.5167,15.4333,14.3167,False,America/New_York,America/New_York
5009,2006-03-31,LGA,RDU,15.4333,17.1667,15.4333,17.35,17.2667,16.0833,False,America/New_York,America/New_York
4747,2006-03-31,LGA,RDU,16.35,18.05,16.65,18.05,18.0167,16.9167,False,America/New_York,America/New_York
5515,2006-03-31,LGA,RDU,17.7667,19.5,17.7667,19.3833,19.3167,18.15,False,America/New_York,America/New_York
4736,2006-03-31,LGA,RDU,17.9333,19.7167,17.9333,19.3833,19.3333,18.2167,False,America/New_York,America/New_York
4749,2006-03-31,LGA,RDU,19.8333,21.6333,19.9833,21.4333,21.3667,20.2333,False,America/New_York,America/New_York
4720,2006-03-31,LGA,RDU,20.95,22.5333,20.9333,22.4667,22.4,21.25,False,America/New_York,America/New_York
31,2006-03-31,LGA,CLT,6.51667,8.41667,6.45,8.2,8.11667,6.75,False,America/New_York,America/New_York
4893,2006-03-31,LGA,CLT,6.91667,9,7.06667,8.88333,8.76667,7.43333,False,America/New_York,America/New_York
1421,2006-03-31,LGA,CLT,7.85,9.86667,7.71667,9.33333,9.26667,7.95,False,America/New_York,America/New_York
5496,2006-03-31,LGA,CLT,8.6,10.75,8.6,10.5667,10.4667,9.08333,False,America/New_York,America/New_York
115,2006-03-31,LGA,CLT,9.76667,11.9167,9.76667,11.5667,11.4667,10.0833,False,America/New_York,America/New_York
4899,2006-03-31,LGA,CLT,9.93333,11.9167,9.86667,11.8167,11.7333,10.2333,False,America/New_York,America/New_York
1233,2006-03-31,LGA,CLT,11.1,13.1,11,12.7333,12.55,11.2333,False,America/New_York,America/New_York
5535,2006-03-31,LGA,CLT,11.9333,13.9333,13.6,15.2667,15.1833,13.8833,False,America/New_York,America/New_York
768,2006-03-31,LGA,CLT,12.4333,14.4167,12.3333,13.9667,13.9167,12.6,False,America/New_York,America/New_York
4895,2006-03-31,LGA,CLT,13.6,15.4333,13.6,15.45,15.35,13.9333,False,America/New_York,America/New_York
505,2006-03-31,LGA,CLT,14.85,16.7667,14.9833,16.6333,16.55,15.2833,False,America/New_York,America/New_York
4901,2006-03-31,LGA,CLT,15.6833,17.6,15.6167,17.45,17.4167,16.0333,False,America/New_York,America/New_York
1205,2006-03-31,LGA,CLT,16.5167,18.55,16.7,18.5,18.4333,17,False,America/New_York,America/New_York
5594,2006-03-31,LGA,CLT,17.5167,19.5667,17.4,19.1,19.0167,17.65,False,America/New_York,America/New_York
704,2006-03-31,LGA,CLT,18.2667,20.3167,18.6667,20.6167,20.5333,19.05,False,America/New_York,America/New_York
4897,2006-03-31,LGA,CLT,18.5167,20.65,18.4333,20.4,20.25,18.8333,False,America/New_York,America/New_York
1729,2006-03-31,LGA,STL,6.58333,9.26667,6.46667,8.86667,7.9,6.68333,False,America/New_York,America/Chicago
1261,2006-03-31,LGA,STL,8.5,11.2667,8.33333,11.05,9.9,8.63333,False,America/New_York,America/Chicago
1757,2006-03-31,LGA,STL,11.9333,14.6667,11.85,14.65,13.2,12.0167,False,America/New_York,America/Chicago
555,2006-03-31,LGA,STL,15.3333,18.1,15.25,17.8,16.8333,15.6167,False,America/New_York,America/Chicago
2019,2006-03-31,LGA,STL,18.9,21.6667,18.7833,21.3833,20.4167,19.0667,False,America/New_York,America/Chicago
1491,2006-03-31,LGA,CVG,6.68333,8.83333,6.66667,8.7,8.58333,6.93333,False,America/New_York,America/New_York
851,2006-03-31,LGA,CVG,11.1,13.3667,10.9833,13.25,13.1333,11.4167,False,America/New_York,America/New_York
5232,2006-03-31,LGA,CVG,12.9333,15.1833,13.35,15.4,15.3667,13.6333,False,America/New_York,America/New_York
806,2006-03-31,LGA,CVG,14.7333,16.9667,14.6667,16.6833,16.6,14.9667,False,America/New_York,America/New_York
1022,2006-03-31,LGA,CVG,17.5167,19.8833,17.4167,19.4833,19.4167,17.7,False,America/New_York,America/New_York
4970,2006-03-31,LGA,CVG,18.4333,20.4333,18.35,20.3833,20.3667,18.75,False,America/New_York,America/New_York
629,2006-03-31,LGA,MEM,6.68333,9.61667,6.65,9.38333,8.33333,6.88333,False,America/New_York,America/Chicago
177,2006-03-31,LGA,MEM,11.1,14.05,11.1167,13.8,12.8167,11.3667,False,America/New_York,America/Chicago
631,2006-03-31,LGA,MEM,16.4167,19.35,16.3833,19.1833,18.1333,16.7167,False,America/New_York,America/Chicago
5386,2006-03-31,LGA,MSY,6.93333,10.1833,7.26667,10.1333,9.16667,7.51667,False,America/New_York,America/Chicago
1293,2006-03-31,LGA,MSY,9.93333,13.3833,9.9,12.8167,11.85,10.2,False,America/New_York,America/Chicago
2063,2006-03-31,LGA,TPA,7.01667,10.1167,6.98333,9.88333,9.78333,7.48333,False,America/New_York,America/New_York
1005,2006-03-31,LGA,TPA,7.68333,10.7167,7.56667,10.4167,10.1167,7.8,False,America/New_York,America/New_York
2050,2006-03-31,LGA,TPA,11.9333,15.0167,12.05,14.6333,14.5,12.2833,False,America/New_York,America/New_York
1997,2006-03-31,LGA,TPA,18.9333,22.1333,19.3,22,21.9333,19.65,False,America/New_York,America/New_York
543,2006-03-31,LGA,TPA,19.6167,22.65,19.7333,22.45,22.4,19.9667,False,America/New_York,America/New_York
2061,2006-03-31,LGA,PBI,7.26667,10.2667,7.15,9.9,9.86667,7.46667,False,America/New_York,America/New_York
363,2006-03-31,LGA,PBI,7.35,10.35,7.25,9.95,9.88333,7.56667,False,America/New_York,America/New_York
2087,2006-03-31,LGA,PBI,7.43333,10.4167,7.4,10.0833,9.98333,7.75,False,America/New_York,America/New_York
2449,2006-03-31,LGA,PBI,10.1833,13.2167,10.0667,13.2167,12.8,10.35,False,America/New_York,America/New_York
2078,2006-03-31,LGA,PBI,11.2667,14.35,11.45,14.0167,13.9667,11.6833,False,America/New_York,America/New_York
365,2006-03-31,LGA,PBI,14.85,17.85,15.1333,18.2333,18.1,15.8,False,America/New_York,America/New_York
2006,2006-03-31,LGA,PBI,14.9167,18,15.1667,17.9667,17.9,15.5833,False,America/New_York,America/New_York
2271,2006-03-31,LGA,PBI,15.2667,18.3167,15.25,18.1333,18.1,15.7167,False,America/New_York,America/New_York
2001,2006-03-31,LGA,PBI,16.4167,19.4833,16.3833,19.1667,19.1,16.7667,False,America/New_York,America/New_York
369,2006-03-31,LGA,PBI,20.9333,23.9167,20.8833,23.5167,23.4667,21.2833,False,America/New_York,America/New_York
5292,2006-03-31,LGA,PWM,7.43333,8.83333,7.41667,8.71667,8.68333,7.78333,False,America/New_York,America/New_York
5547,2006-03-31,LGA,PWM,13.1833,14.4667,13.6833,14.8667,14.8167,14.0333,False,America/New_York,America/New_York
5832,2006-03-31,LGA,PWM,21.6833,22.8,21.6833,22.9167,22.85,22.0833,False,America/New_York,America/New_York
1643,2006-03-31,LGA,HOU,7.51667,11.55,7.43333,11.0167,10.0167,7.71667,False,America/New_York,America/Chicago
1685,2006-03-31,LGA,HOU,17.8667,21.95,17.8167,21.5333,20.5167,18.0167,False,America/New_York,America/Chicago
147,2006-03-31,LGA,IND,7.91667,11.0833,8.03333,10.9667,9.93333,8.31667,False,America/New_York,America/Indiana/Indianapolis
149,2006-03-31,LGA,IND,20.7667,23.95,22.1333,25.25,24,22.3167,False,America/New_York,America/Indiana/Indianapolis
5196,2006-03-31,LGA,GSO,7.93333,9.95,7.91667,9.78333,9.66667,8.43333,False,America/New_York,America/New_York
5546,2006-03-31,LGA,GSO,15.9333,17.8,15.9333,17.55,17.4667,16.35,False,America/New_York,America/New_York
5570,2006-03-31,LGA,GSO,19.9333,21.7833,20.4333,22,21.9,20.8,False,America/New_York,America/New_York
1229,2006-03-31,LGA,MCO,8.08333,10.95,7.98333,10.7167,10.65,8.46667,False,America/New_York,America/New_York
1991,2006-03-31,LGA,MCO,8.1,11.2333,8.2,10.95,10.8333,8.73333,False,America/New_York,America/New_York
2045,2006-03-31,LGA,MCO,10.65,13.6,10.7,13.0833,12.9833,10.8667,False,America/New_York,America/New_York
1617,2006-03-31,LGA,MCO,10.9333,13.8,11.9,14.2833,14.1833,12.1667,False,America/New_York,America/New_York
2046,2006-03-31,LGA,MCO,15.9167,19,16.25,18.75,18.65,16.5667,False,America/New_York,America/New_York
1329,2006-03-31,LGA,MCO,18.6167,21.4667,18.5333,21.15,21.05,18.9,False,America/New_York,America/New_York
1993,2006-03-31,LGA,MCO,19.7667,22.7,19.7333,22.8,22.6833,20.4667,False,America/New_York,America/New_York
4849,2006-03-31,LGA,CMH,8.18333,10.1,8.1,10.1,9.68333,8.4,False,America/New_York,America/New_York
4878,2006-03-31,LGA,CMH,10.9333,12.8333,10.8833,12.7167,12.6,11.35,False,America/New_York,America/New_York
4994,2006-03-31,LGA,CMH,12.5167,14.5,12.5167,14.4667,14.1833,12.8,False,America/New_York,America/New_York
4919,2006-03-31,LGA,CMH,15.1,16.9667,14.9667,17.35,16.5667,15.25,False,America/New_York,America/New_York
4993,2006-03-31,LGA,CMH,16.4333,18.4167,16.35,18.1333,17.95,16.6667,False,America/New_York,America/New_York
4874,2006-03-31,LGA,CMH,17.8167,19.7167,17.75,19.3333,19.2667,17.9667,False,America/New_York,America/New_York
4855,2006-03-31,LGA,CMH,18.9333,20.85,18.8167,20.7667,20.5333,19.2167,False,America/New_York,America/New_York
4879,2006-03-31,LGA,CMH,20.9,22.6667,20.95,23.0333,22.9333,21.2333,False,America/New_York,America/New_York
5381,2006-03-31,LGA,CHS,8.18333,10.4333,8.01667,9.93333,9.85,8.35,False,America/New_York,America/New_York
5380,2006-03-31,LGA,CHS,12.6,14.8333,12.6,14.6,14.5167,13.0167,False,America/New_York,America/New_York
5394,2006-03-31,LGA,CHS,17.9333,20.15,17.9333,20.0167,19.9333,18.35,False,America/New_York,America/New_York
5419,2006-03-31,LGA,RIC,8.43333,10,8.43333,9.91667,9.88333,8.95,False,America/New_York,America/New_York
5263,2006-03-31,LGA,RIC,12.2,13.5667,12.2,13.4167,13.3667,12.4667,False,America/New_York,America/New_York
202,2006-03-31,LGA,CAK,8.78333,10.4167,8.73333,10.1833,10.1167,9.08333,False,America/New_York,America/New_York
199,2006-03-31,LGA,CAK,14.7167,16.25,16.8,18.1333,18.0833,17.0167,False,America/New_York,America/New_York
212,2006-03-31,LGA,CAK,18.7167,20.35,20.5667,21.95,21.8833,20.8167,False,America/New_York,America/New_York
5121,2006-03-31,LGA,BHM,8.93333,11.6333,9.18333,11.6833,10.6667,9.58333,False,America/New_York,America/Chicago
5420,2006-03-31,LGA,BHM,12.6833,15.2333,12.6833,15.2667,14.2667,13.1167,False,America/New_York,America/Chicago
5830,2006-03-31,LGA,BHM,20.6,23.25,20.7667,23.1333,22.1833,21.05,False,America/New_York,America/Chicago
5603,2006-03-31,LGA,SAV,9.41667,11.9167,9.6,11.6833,11.6333,9.93333,False,America/New_York,America/New_York
4735,2006-03-31,LGA,SAV,15.1833,17.45,15.1833,17.1833,17.1333,15.4667,False,America/New_York,America/New_York
5812,2006-03-31,LGA,SAV,20.6833,22.8833,20.85,23.1333,23.0667,21.4167,False,America/New_York,America/New_York
4731,2006-03-31,LGA,CAE,9.43333,11.5833,9.58333,11.4,11.3167,9.85,False,America/New_York,America/New_York
4709,2006-03-31,LGA,CAE,21.1,23.2667,21.2,22.9833,22.9,21.4,False,America/New_York,America/New_York
5430,2006-03-31,LGA,JAX,9.81667,12.5833,9.81667,12.0167,11.9333,10.1333,False,America/New_York,America/New_York
5436,2006-03-31,LGA,JAX,15.4333,18.1,15.4333,18.1,18.0167,16.0167,False,America/New_York,America/New_York
5441,2006-03-31,LGA,JAX,20.4333,23.0167,20.6,22.8667,22.7833,20.8667,False,America/New_York,America/New_York
4917,2006-03-31,LGA,GRR,9.83333,12.6167,9.76667,12.2333,11.55,9.95,False,America/New_York,America/Detroit
4924,2006-03-31,LGA,GRR,18.2667,21.0333,18.0833,20.8833,20.2333,18.6333,False,America/New_York,America/Detroit
5269,2006-03-31,LGA,RSW,9.91667,13.0833,10.0167,13,12.9333,10.45,False,America/New_York,America/New_York
5270,2006-03-31,LGA,RSW,15.1833,18.35,15.1833,18.5167,18.2667,15.7667,False,America/New_York,America/New_York
903,2006-03-31,LGA,PHF,9.96667,11.3833,9.81667,10.8833,10.8167,10.0333,False,America/New_York,America/New_York
979,2006-03-31,LGA,PHF,15.0833,16.4333,15.0833,16.3667,16.3,15.4333,False,America/New_York,America/New_York
978,2006-03-31,LGA,PHF,17.9167,19.2,22.1833,23.2667,23.1833,22.3667,False,America/New_York,America/New_York
5762,2006-03-31,LGA,GSP,10.2667,12.3833,10.2667,12.2,12.1333,10.5333,False,America/New_York,America/New_York
5806,2006-03-31,LGA,GSP,17.4167,19.5,17.9333,20.1833,20.1333,18.55,False,America/New_York,America/New_York
553,2006-03-31,LGA,MCI,10.9833,14.1833,11.0667,13.8833,12.9167,11.2833,False,America/New_York,America/Chicago
489,2006-03-31,LGA,MCI,18.4333,21.6333,18.4,21.6167,20.6667,18.9667,False,America/New_York,America/Chicago
4963,2006-03-31,LGA,SRQ,11.35,14.35,11.6833,14.3,14.2667,11.9,False,America/New_York,America/New_York
4837,2006-03-31,LGA,MSN,15.6,18.0167,15.45,18.1333,17.0667,15.9833,False,America/New_York,America/Chicago
4865,2006-03-31,LGA,BGR,20.9333,22.2333,20.8167,22.0667,22.0167,21.1167,False,America/New_York,America/New_York
4948,2006-03-31,LGA,TYS,20.9333,23.0833,20.9333,23.1833,23.1333,21.3167,False,America/New_York,America/New_York
5828,2006-03-31,LGA,LEX,21.4333,23.5667,21.2667,23.1333,23.0167,21.4833,False,America/New_York,America/New_York
